0 813
1 815
2 816
3 818
4 819
5 821
6 822
7 824
8 825
9 827
10 828
11 830
12 831
13 833
14 834
15 836
16 837
17 839
18 840
19 842
20 843
21 845
22 846
23 847
24 849
25 850
26 852
27 853
28 855
29 856
30 858
31 859
32 861
33 862
34 864
35 865
36 867
37 868
38 870
39 871
40 873
41 874
42 876
43 877
44 879
45 880
46 882
47 883
48 885
49 886
50 888
51 889
52 891
53 892
54 894
55 895
56 897
57 898
58 900
59 901
60 903
61 904
62 906
63 907
64 909
65 912
66 913
67 915
68 916
69 918
70 919
71 921
72 924
73 925
74 927
75 928
76 930
77 931
78 933
79 934
80 936
81 937
82 938
83 940
84 941
85 943
86 944
87 946
88 947
89 949
90 950
91 952
92 953
93 955
94 956
95 958
96 959
97 961
98 962
99 964
100 965
101 967
102 968
103 970
104 971
105 974
106 976
107 977
108 979
109 980
110 982
111 983
112 985
113 986
114 988
115 989
116 991
117 992
118 994
119 995
120 997
121 998
122 1000
123 1001
124 1003
125 1004
126 1006
127 1007
128 1009
129 1010
130 1012
131 1013
132 1016
133 1019
134 1021
135 1022
136 1024
137 1025
138 1027
139 1028
140 1030
141 1031
142 1033
143 1034
144 1035
145 1037
146 1038
147 1040
148 1041
149 1043
150 1044
151 1046
152 1047
153 1049
154 1050
155 1052
156 1053
157 1055
158 1056
159 1058
160 1059
161 1061
162 1062
163 1064
164 1065
165 1067
166 1068
167 1070
168 1071
169 1073
170 1074
171 1076
172 1077
173 1079
174 1080
175 1082
176 1083
177 1085
178 1086
179 1088
180 1089
181 1091
182 1092
183 1094
184 1095
185 1097
186 1098
187 1100
188 1101
189 1103
190 1104
191 1105
192 1107
193 1108
194 1110
195 1111
196 1112
197 1114
198 1115
199 1117
200 1118
201 1120
202 1121
203 1123
204 1124
205 1126
206 1127
207 1128
208 1130
209 1131
210 1133
211 1134
212 1136
213 1137
214 1139
215 1140
216 1142
217 1143
218 1145
219 1146
220 1148
221 1149
222 1151
223 1152
224 1154
225 1155
226 1157
227 1158
228 1160
229 1161
230 1163
231 1164
232 1166
233 1167
234 1169
235 1170
236 1172
237 1173
238 1175
239 1176
240 1178
241 1179
242 1181
243 1182
244 1184
245 1185
246 1187
247 1188
248 1190
249 1191
250 1193
251 1194
252 1196
253 1197
254 1199
255 1200
256 1202
257 1203
258 1206
259 1208
260 1209
261 1211
262 1212
263 1214
264 1215
265 1218
266 1220
267 1221
268 1222
269 1225
270 1227
271 1230
272 1231
273 1233
274 1236
275 1239
276 1242
277 1243
278 1246
279 1248
280 1249
281 1252
282 1254
283 1257
284 1260
285 1261
286 1263
287 1264
288 1267
289 1270
290 1273
291 1275
292 1278
293 1281
294 1282
295 1285
296 1287
297 1288
298 1291
299 1293
300 1296
301 1297
302 1299
303 1300
304 1302
305 1303
306 1305
307 1306
308 1308
309 1309
310 1311
311 1312
312 1314
313 1318
314 1319
315 1321
316 1322
317 1324
318 1325
319 1327
320 1330
321 1331
322 1333
323 1334
324 1336
325 1339
326 1342
327 1343
328 1345
329 1346
330 1349
331 1351
332 1354
333 1357
334 1358
335 1361
336 1363
337 1366
338 1367
339 1369
340 1370
341 1373
342 1375
343 1376
344 1379
345 1381
346 1382
347 1385
348 1387
349 1388
350 1390
351 1391
352 1392
353 1394
354 1395
355 1397
356 1398
357 1401
358 1402
359 1405
360 1407
361 1410
362 1411
363 1414
364 1415
365 1417
366 1418
367 1421
368 1424
369 1427
370 1429
371 1430
372 1432
373 1433
374 1435
375 1436
376 1438
377 1439
378 1441
379 1442
380 1444
381 1447
382 1448
383 1450
384 1451
385 1453
386 1454
387 1456
388 1457
389 1460
390 1462
391 1463
392 1465
393 1466
394 1469
395 1474
396 1475
397 1477
398 1478
399 1481
400 1483
401 1484
402 1486
403 1487
404 1489
405 1492
406 1493
407 1496
408 1498
409 1499
410 1500
411 1502
412 1503
413 1506
414 1509
415 1512
416 1514
417 1515
418 1517
419 1518
420 1520
421 1523
422 1524
423 1526
424 1527
425 1530
426 1533
427 1535
428 1536
429 1538
430 1541
431 1544
432 1545
433 1547
434 1550
435 1551
436 1553
437 1554
438 1556
439 1557
440 1559
441 1560
442 1562
443 1565
444 1568
445 1569
446 1571
447 1572
448 1574
449 1575
450 1577
451 1578
452 1580
453 1581
454 1583
455 1584
456 1586
457 1587
458 1590
459 1592
460 1593
461 1595
462 1596
463 1597
464 1599
465 1600
466 1602
467 1603
468 1605
469 1606
470 1608
471 1609
472 1611
473 1612
474 1614
475 1615
476 1617
477 1618
478 1620
479 1621
480 1623
481 1624
482 1626
483 1627
484 1629
485 1630
486 1632
487 1633
488 1635
489 1636
490 1638
491 1639
492 1641
493 1642
494 1644
495 1645
496 1647
497 1648
498 1650
499 1651
500 1653
501 1654
502 1656
503 1657
504 1659
505 1660
506 1662
507 1663
508 1665
509 1666
510 1667
511 1669
512 1670
513 1671
514 1673
515 1674
516 1676
517 1677
518 1679
519 1680
520 1682
521 1683
522 1685
523 1686
524 1687
525 1689
526 1690
527 1692
528 1693
529 1695
530 1696
531 1698
532 1699
533 1701
534 1702
535 1704
536 1705
537 1707
538 1708
539 1710
540 1711
541 1713
542 1714
543 1716
544 1717
545 1719
546 1720
547 1722
548 1723
549 1725
550 1726
551 1728
552 1729
553 1731
554 1732
555 1734
556 1735
557 1737
558 1738
559 1740
560 1741
561 1743
562 1744
563 1746
564 1747
565 1749
566 1750
567 1752
568 1753
569 1755
570 1756
571 1758
572 1759
573 1761
574 1762
575 1764
576 1765
577 1767
578 1768
579 1770
580 1771
581 1773
582 1774
583 1776
584 1777
585 1779
586 1780
587 1781
588 1784
589 1786
590 1787
591 1789
592 1790
593 1792
594 1793
595 1795
596 1796
597 1798
598 1799
599 1801
600 1802
601 1804
602 1805
603 1807
604 1808
605 1810
606 1811
607 1813
608 1814
609 1816
610 1817
611 1819
612 1820
613 1822
614 1823
615 1825
616 1826
617 1828
618 1829
619 1831
620 1832
621 1834
622 1835
623 1837
624 1838
625 1840
626 1841
627 1843
628 1844
629 1846
630 1847
631 1849
632 1850
633 1852
634 1853
635 1855
636 1856
637 1858
638 1859
639 1861
640 1862
641 1864
642 1865
643 1867
644 1868
645 1870
646 1871
647 1873
648 1874
649 1877
650 1878
651 1880
652 1881
653 1883
654 1884
655 1886
656 1887
657 1889
658 1890
659 1892
660 1893
661 1895
662 1896
663 1898
664 1899
665 1901
666 1902
667 1904
668 1905
669 1907
670 1908
671 1910
672 1911
673 1913
674 1914
675 1916
676 1917
677 1919
678 1920
679 1922
680 1923
681 1925
682 1926
683 1928
684 1929
685 1931
686 1932
687 1934
688 1935
689 1937
690 1938
691 1940
692 1941
693 1943
694 1944
695 1946
696 1947
697 1949
698 1950
699 1952
700 1953
701 1955
702 1956
703 1958
704 1959
705 1961
706 1962
707 1964
708 1965
709 1967
710 1968
711 1970
712 1971
713 1972
714 1974
715 1975
716 1977
717 1978
718 1980
719 1981
720 1983
721 1984
722 1986
723 1987
724 1989
725 1990
726 1992
727 1993
728 1995
729 1996
730 1998
731 1999
732 2001
733 2002
734 2004
735 2005
736 2007
737 2008
738 2010
739 2011
740 2013
741 2014
742 2016
743 2017
744 2019
745 2020
746 2022
747 2023
748 2025
749 2026
750 2028
751 2029
752 2031
753 2032
754 2034
755 2035
756 2037
757 2038
758 2040
759 2041
760 2043
761 2044
762 2046
763 2047
764 2049
765 2050
766 2052
767 2053
768 2055
769 2056
770 2058
771 2059
772 2061
773 2062
774 2064
775 2065
776 2066
777 2068
778 2069
779 2071
780 2072
781 2074
782 2077
783 2080
784 2081
785 2083
786 2084
787 2086
788 2087
789 2089
790 2090
791 2092
792 2093
793 2095
794 2096
795 2098
796 2099
797 2101
798 2102
799 2104
800 2105
801 2107
802 2108
803 2110
804 2111
805 2113
806 2114
807 2116
808 2117
809 2119
810 2120
811 2122
812 2123
813 2125
814 2126
815 2128
816 2129
817 2131
818 2132
819 2134
820 2135
821 2137
822 2138
823 2140
824 2141
825 2143
826 2144
827 2146
828 2147
829 2149
830 2150
831 2152
832 2153
833 2155
834 2156
835 2157
836 2159
837 2160
838 2162
839 2163
840 2165
841 2166
842 2168
843 2169
844 2171
845 2172
846 2174
847 2175
848 2177
849 2178
850 2180
851 2181
852 2183
853 2184
854 2186
855 2187
856 2189
857 2190
858 2192
859 2193
860 2195
861 2196
862 2198
863 2199
864 2201
865 2202
866 2204
867 2205
868 2207
869 2208
870 2210
871 2211
872 2213
873 2214
874 2216
875 2217
876 2219
877 2220
878 2222
879 2223
880 2225
881 2226
882 2228
883 2229
884 2231
885 2232
886 2234
887 2235
888 2237
889 2238
890 2240
891 2241
892 2243
893 2244
894 2246
895 2247
896 2249
897 2250
898 2251
899 2253
900 2254
901 2256
902 2257
903 2259
904 2260
905 2262
906 2263
907 2265
908 2266
909 2268
910 2269
911 2271
912 2272
913 2274
914 2275
915 2277
916 2278
917 2280
918 2281
919 2283
920 2284
921 2286
922 2287
923 2289
924 2290
925 2292
926 2293
927 2295
928 2296
929 2298
930 2299
931 2301
932 2302
933 2304
934 2305
935 2307
936 2308
937 2310
938 2311
939 2313
940 2314
941 2316
942 2317
943 2319
944 2320
945 2322
946 2323
947 2325
948 2328
949 2329
950 2331
951 2332
952 2334
953 2335
954 2337
955 2338
956 2340
957 2341
958 2343
959 2344
960 2346
961 2347
962 2348
963 2350
964 2351
965 2353
966 2354
967 2356
968 2357
969 2359
970 2360
971 2362
972 2363
973 2365
974 2366
975 2368
976 2369
977 2371
978 2372
979 2374
980 2375
981 2377
982 2378
983 2380
984 2381
985 2383
986 2384
987 2386
988 2387
989 2389
990 2390
991 2392
992 2393
993 2395
994 2396
995 2398
996 2399
997 2401
998 2402
999 2404
1000 2405
1001 2407
1002 2408
1003 2410
1004 2411
1005 2413
1006 2414
1007 2416
1008 2417
1009 2419
1010 2420
1011 2422
1012 2423
1013 2425
1014 2426
1015 2428
1016 2429
1017 2431
1018 2432
1019 2434
1020 2435
1021 2437
1022 2438
1023 2440
1024 2441
1025 2442
1026 2444
1027 2445
1028 2447
1029 2448
1030 2450
1031 2451
1032 2453
1033 2454
1034 2456
1035 2457
1036 2459
1037 2460
1038 2462
1039 2463
1040 2465
1041 2466
1042 2468
1043 2469
1044 2471
1045 2472
1046 2474
1047 2475
1048 2477
1049 2478
1050 2480
1051 2481
1052 2483
1053 2484
1054 2486
1055 2487
1056 2489
1057 2490
1058 2492
1059 2493
1060 2495
1061 2496
1062 2498
1063 2499
1064 2501
1065 2502
1066 2504
1067 2505
1068 2507
1069 2508
1070 2510
1071 2511
1072 2513
1073 2514
1074 2519
1075 2522
1076 2525
1077 2526
1078 2528
1079 2529
1080 2532
1081 2533
1082 2535
1083 2536
1084 2541
1085 2542
1086 2544
1087 2547
1088 2550
1089 2551
1090 2553
1091 2556
1092 2557
1093 2559
1094 2563
1095 2565
1096 2566
1097 2568
1098 2569
1099 2572
1100 2575
1101 2577
1102 2578
1103 2580
1104 2581
