0 11
1 13
2 14
3 16
4 17
5 19
6 20
7 21
8 23
9 24
10 26
11 27
12 29
13 30
14 32
15 33
16 35
17 36
18 38
19 39
20 41
21 42
22 44
23 45
24 47
25 48
26 50
27 51
28 53
29 54
30 56
31 57
32 59
33 60
34 62
35 63
36 65
37 66
38 68
39 69
40 71
41 72
42 74
43 75
44 77
45 78
46 80
47 81
48 83
49 86
50 87
51 89
52 90
53 92
54 94
55 96
56 97
57 99
58 100
59 103
60 105
61 106
62 108
63 109
64 111
65 112
66 115
67 118
68 120
69 121
70 123
71 124
72 126
73 127
74 129
75 130
76 132
77 133
78 135
79 136
80 138
81 139
82 141
83 142
84 144
85 145
86 147
87 148
88 150
89 151
90 153
91 154
92 156
93 157
94 159
95 160
96 162
97 163
98 165
99 168
100 169
101 171
102 172
103 174
104 175
105 177
106 178
107 180
108 181
109 183
110 184
111 186
112 187
113 188
114 190
115 191
116 193
117 194
118 196
119 197
120 199
121 200
122 202
123 203
124 205
125 206
126 208
127 209
128 211
129 212
130 214
131 215
132 217
133 218
134 220
135 221
136 223
137 224
138 226
139 227
140 229
141 230
142 232
143 233
144 235
145 236
146 238
147 239
148 241
149 242
150 244
151 245
152 247
153 248
154 250
155 253
156 254
157 256
158 257
159 259
160 260
161 263
162 265
163 266
164 269
165 271
166 272
167 274
168 275
169 277
170 278
171 279
172 281
173 283
174 284
175 287
176 288
177 290
178 293
179 294
180 296
181 297
182 299
183 300
184 302
185 303
186 305
187 308
188 309
189 311
190 312
191 314
192 315
193 317
194 318
195 320
196 321
197 323
198 324
199 326
200 327
201 329
202 330
203 332
204 333
205 335
206 336
207 338
208 339
209 341
210 342
211 344
212 347
213 348
214 353
215 354
216 356
217 357
218 359
219 360
220 362
221 363
222 365
223 366
224 368
225 369
226 371
227 372
228 374
229 375
230 377
231 378
232 379
233 381
234 382
235 384
236 385
237 387
238 388
239 390
240 391
241 393
242 394
243 396
244 397
245 399
246 400
247 402
248 403
249 405
250 406
251 408
252 409
253 412
254 414
255 415
256 417
257 418
258 420
259 421
260 426
261 427
262 429
263 430
264 432
265 433
266 435
267 436
268 438
269 439
270 441
271 442
272 444
273 445
274 447
275 448
276 450
277 451
278 453
279 454
280 456
281 457
282 459
283 460
284 462
285 463
286 465
287 466
288 468
289 469
290 471
291 472
292 473
293 475
294 476
295 478
296 479
297 481
298 482
299 484
300 485
301 487
302 488
303 490
304 491
305 493
306 494
307 496
308 497
309 499
310 500
311 502
312 503
313 505
314 506
315 508
316 509
317 511
318 512
319 514
320 515
321 517
322 518
323 520
324 521
325 523
326 524
327 526
328 527
329 533
330 535
331 538
332 541
333 542
334 544
335 545
336 547
337 548
338 550
339 551
340 553
341 554
342 556
343 560
344 562
345 563
346 564
347 566
348 567
349 569
350 570
351 572
352 573
353 575
354 576
355 578
356 579
357 581
358 582
359 584
360 585
361 587
362 588
363 590
364 591
365 593
366 596
367 597
368 599
369 600
370 602
371 603
372 605
373 606
374 609
375 611
376 612
377 614
378 617
379 618
380 620
381 623
382 624
383 626
384 627
385 629
386 630
387 632
388 633
389 636
390 638
391 639
392 641
393 642
394 644
395 645
396 647
397 648
398 650
399 651
400 654
401 655
402 657
403 658
404 660
405 661
406 663
407 664
408 666
409 667
410 669
411 673
412 675
413 676
414 678
415 679
416 681
417 682
418 684
419 685
420 687
421 688
422 690
423 691
424 693
425 694
426 696
427 697
428 699
429 700
430 702
431 703
432 705
433 706
434 708
435 709
436 711
437 712
438 714
439 715
440 717
441 718
442 720
443 721
444 723
445 724
446 727
447 729
448 730
449 732
450 733
451 735
452 736
453 738
454 739
455 741
456 742
457 745
458 747
459 750
460 751
461 752
462 754
463 755
464 757
465 760
466 761
467 764
468 766
469 767
470 769
471 770
472 772
473 773
474 775
475 776
476 778
477 779
478 781
479 782
480 784
481 785
482 788
483 790
484 793
485 794
486 796
487 797
488 799
489 800
490 802
491 803
492 805
493 806
494 808
495 809
496 811
497 812
498 814
499 815
500 817
501 818
502 820
503 821
504 823
505 824
506 826
507 827
508 829
509 830
510 832
511 833
512 835
513 836
514 839
515 842
516 844
517 845
518 846
519 849
520 851
521 852
522 854
523 855
524 857
525 858
526 861
527 863
528 864
529 866
530 867
531 869
532 870
533 872
534 875
535 876
536 878
537 879
538 881
539 882
540 885
541 888
542 890
543 891
544 893
545 894
546 896
547 897
548 899
549 900
550 902
551 903
552 905
553 906
554 908
555 909
556 911
557 912
558 914
559 915
560 917
561 918
562 920
563 921
564 923
565 924
566 927
567 929
568 930
569 932
570 933
571 936
572 939
573 941
574 942
575 943
576 945
577 946
578 948
579 949
580 951
581 952
582 954
583 955
584 958
585 960
586 961
587 963
588 964
589 966
590 967
591 970
592 972
593 973
594 975
595 976
596 978
597 979
598 981
599 982
600 984
601 985
602 988
603 990
604 994
605 996
606 997
607 999
608 1000
609 1002
610 1003
611 1005
612 1006
613 1008
614 1009
615 1011
616 1012
617 1014
618 1015
619 1017
620 1018
621 1020
622 1021
623 1023
624 1024
625 1026
626 1027
627 1029
628 1030
629 1032
630 1033
631 1035
632 1036
633 1037
634 1039
635 1040
636 1042
637 1043
638 1045
639 1046
640 1048
641 1049
642 1051
643 1052
644 1054
645 1055
646 1057
647 1058
648 1060
649 1061
650 1063
651 1064
652 1066
653 1067
654 1069
655 1070
656 1072
657 1073
658 1075
659 1076
660 1078
661 1079
662 1081
663 1084
664 1085
665 1087
666 1088
667 1090
668 1091
669 1093
670 1094
671 1096
672 1097
673 1099
674 1100
675 1102
676 1103
677 1105
678 1106
679 1108
680 1109
681 1111
682 1112
683 1114
684 1115
685 1117
686 1118
687 1120
688 1121
689 1123
690 1124
691 1126
692 1127
693 1128
694 1130
695 1131
696 1133
697 1134
698 1136
699 1137
700 1139
701 1140
702 1142
703 1143
704 1145
705 1146
706 1148
707 1149
708 1151
709 1152
710 1154
711 1155
712 1157
713 1158
714 1160
715 1161
716 1163
717 1164
718 1166
719 1167
720 1169
721 1170
722 1172
723 1173
724 1175
725 1176
726 1178
727 1179
728 1181
729 1182
730 1184
731 1185
732 1187
733 1188
734 1190
735 1191
736 1193
737 1194
738 1196
739 1197
740 1199
741 1200
742 1202
743 1203
744 1205
745 1206
746 1208
747 1209
748 1211
749 1212
750 1214
751 1215
752 1217
753 1218
754 1220
755 1221
756 1222
757 1224
758 1225
759 1227
760 1228
761 1230
762 1231
763 1233
764 1234
765 1236
766 1237
767 1239
768 1240
769 1242
770 1243
771 1245
772 1246
773 1248
774 1249
775 1251
776 1252
777 1254
778 1255
779 1257
780 1258
781 1260
782 1261
783 1263
784 1264
785 1266
786 1267
787 1269
788 1270
789 1272
790 1273
791 1275
792 1276
793 1278
794 1279
795 1281
796 1282
797 1284
798 1285
799 1287
800 1288
801 1290
802 1291
803 1293
804 1294
805 1296
806 1297
807 1299
808 1300
809 1302
810 1303
811 1304
812 1305
813 1307
814 1308
815 1310
816 1311
817 1313
818 1314
819 1316
820 1317
821 1319
822 1320
823 1322
824 1323
825 1325
826 1326
827 1328
828 1329
829 1330
830 1332
831 1333
832 1335
833 1336
834 1338
835 1339
836 1341
837 1342
838 1344
839 1345
840 1347
841 1348
842 1350
843 1351
844 1353
845 1354
846 1356
847 1357
848 1359
849 1360
850 1362
851 1363
854 1364
855 1365
856 1367
857 1368
858 1370
859 1371
860 1373
861 1374
862 1376
863 1377
864 1379
865 1380
866 1382
867 1383
868 1385
869 1386
870 1388
871 1389
872 1391
873 1394
874 1395
875 1397
876 1398
877 1399
878 1402
879 1404
880 1405
881 1407
882 1408
883 1410
884 1411
885 1413
886 1414
887 1416
888 1417
889 1420
890 1423
891 1426
892 1428
893 1431
894 1432
895 1434
896 1435
897 1437
898 1438
899 1440
900 1441
901 1443
902 1444
903 1446
904 1450
905 1453
906 1455
907 1456
908 1459
909 1461
910 1462
911 1467
912 1468
913 1470
914 1471
915 1473
916 1474
917 1477
918 1479
919 1480
920 1483
921 1485
922 1486
923 1488
924 1489
925 1490
926 1492
927 1493
928 1496
929 1498
930 1501
931 1502
932 1504
933 1505
934 1507
935 1508
936 1510
937 1511
938 1513
939 1514
940 1516
941 1517
942 1519
943 1520
944 1522
945 1523
946 1525
947 1526
948 1528
949 1529
950 1531
951 1532
952 1534
953 1535
954 1537
955 1538
956 1540
957 1541
958 1543
959 1544
960 1546
961 1547
962 1549
963 1550
964 1552
965 1553
966 1555
967 1556
968 1558
969 1559
970 1561
971 1562
972 1564
973 1565
974 1567
975 1568
976 1570
977 1571
978 1573
979 1574
980 1576
981 1577
982 1579
983 1580
984 1582
985 1583
986 1584
987 1586
988 1587
989 1589
990 1590
991 1592
992 1593
993 1595
994 1596
995 1598
996 1599
997 1601
998 1602
999 1604
1000 1605
1001 1607
1002 1608
1003 1610
1004 1611
1005 1613
1006 1614
1007 1616
1008 1617
1009 1620
1010 1622
1011 1623
1012 1625
1013 1626
1014 1628
1015 1629
1016 1631
1017 1632
1018 1634
1019 1635
1020 1637
1021 1638
1022 1640
1023 1641
1024 1643
1025 1644
1026 1646
1027 1647
1028 1649
1029 1652
1030 1656
1031 1659
1032 1661
1033 1664
1034 1665
1035 1667
1036 1670
1037 1673
1038 1674
1039 1676
1040 1677
1041 1680
1042 1683
1043 1686
1044 1687
1045 1689
1046 1690
1047 1693
1048 1696
1049 1698
1050 1701
1051 1702
1052 1704
1053 1705
1054 1707
1055 1708
1056 1710
1057 1711
1058 1713
1059 1716
1060 1717
1061 1719
1062 1722
1063 1723
1064 1725
1065 1729
1066 1731
1067 1732
1068 1735
1069 1738
1070 1740
1071 1741
1072 1743
1073 1744
1074 1746
1075 1747
1076 1749
1077 1750
1078 1752
1079 1753
1080 1755
1081 1756
1082 1758
1083 1759
1084 1761
1085 1762
1086 1764
1087 1765
1088 1767
1089 1768
1090 1770
1091 1772
1092 1774
1093 1775
1094 1777
1095 1778
1096 1780
1097 1781
1098 1786
1099 1787
1100 1789
1101 1790
1102 1792
1103 1793
1104 1795
1105 1796
1106 1798
1107 1799
1108 1801
1109 1802
1110 1804
1111 1805
1112 1807
1113 1808
1114 1810
1115 1811
1116 1813
1117 1814
1118 1816
1119 1817
1120 1819
1121 1820
1122 1822
1123 1823
1124 1825
1125 1826
1126 1828
1127 1829
1128 1831
1129 1832
1130 1834
1131 1835
1132 1837
1133 1838
1134 1840
1135 1841
1136 1843
1137 1844
1138 1846
1139 1847
1140 1849
1141 1850
1142 1852
1143 1853
1144 1855
1145 1856
1146 1858
1147 1859
1148 1861
1149 1862
1150 1864
1151 1865
1152 1867
1153 1868
1154 1869
1155 1871
1156 1872
1157 1874
1158 1875
1159 1877
1160 1878
1161 1880
1162 1881
1163 1883
1164 1884
1165 1886
1166 1887
1167 1889
1168 1890
1169 1892
1170 1893
1171 1895
1172 1896
1173 1898
1174 1899
1175 1901
1176 1902
1177 1904
1178 1905
1179 1907
1180 1908
1181 1910
1182 1911
1183 1913
1184 1914
1185 1917
1186 1919
1187 1920
1188 1922
1189 1925
1190 1926
1191 1928
1192 1929
1193 1931
1194 1932
1195 1934
1196 1935
1197 1937
1198 1938
1199 1940
1200 1943
1201 1944
1202 1946
1203 1947
1204 1949
1205 1950
1206 1952
1207 1953
1208 1955
1209 1956
1210 1957
1211 1959
1212 1960
1213 1962
1214 1963
1215 1965
1216 1966
1217 1968
1218 1969
1219 1971
1220 1972
1221 1974
1222 1975
1223 1976
1224 1978
1225 1979
1226 1981
1227 1982
1228 1984
1229 1985
1230 1987
1231 1988
1232 1989
1233 1991
1234 1992
1235 1994
1236 1995
1237 1997
1238 1998
1239 2000
1240 2001
1241 2003
1242 2004
1243 2006
1244 2007
1245 2009
1246 2010
1247 2012
1248 2013
1249 2015
1250 2016
1251 2018
1252 2019
1253 2021
1254 2022
1255 2024
1256 2025
1257 2027
1258 2028
1259 2030
1260 2031
1261 2033
1262 2034
1263 2036
1264 2037
1265 2039
1266 2040
1267 2042
1268 2043
1269 2045
1270 2046
1271 2048
1272 2049
1273 2051
1274 2052
1275 2053
1276 2055
1277 2056
1278 2058
1279 2059
1280 2061
1281 2062
1282 2064
1283 2065
1284 2067
1285 2068
1286 2070
1287 2071
1288 2073
1289 2074
1290 2076
1291 2077
1292 2079
1293 2080
1294 2082
1295 2083
1296 2085
1297 2086
1298 2088
1299 2089
1300 2091
1301 2092
1302 2094
1303 2095
1304 2097
1305 2098
1306 2100
1307 2101
1308 2103
1309 2104
1310 2106
1311 2107
1312 2109
1313 2110
1314 2112
1315 2113
1316 2115
1317 2116
1318 2118
1319 2119
1320 2121
1321 2122
1322 2124
1323 2125
1324 2127
1325 2128
1326 2130
1327 2131
1328 2133
1329 2134
1330 2136
1331 2137
1332 2139
1333 2140
1334 2142
1335 2143
1336 2145
1337 2146
1338 2148
1339 2149
1340 2150
1341 2152
1342 2153
1343 2155
1344 2156
1345 2158
1346 2159
1347 2161
1348 2162
1349 2164
1350 2165
1351 2167
1352 2168
1353 2170
1354 2171
1355 2173
1356 2174
1357 2176
1358 2177
1359 2179
1360 2180
1361 2182
1362 2183
1363 2185
1364 2186
1365 2188
1366 2189
1367 2191
1368 2192
1369 2194
1370 2195
1371 2197
1372 2198
1373 2200
1374 2201
1375 2203
1376 2204
1377 2206
1378 2207
1379 2209
1380 2210
1381 2212
1382 2213
1383 2215
1384 2216
1385 2218
1386 2219
1387 2221
1388 2222
1389 2224
1390 2225
1391 2227
1392 2228
1393 2230
1394 2231
1395 2233
1396 2234
1397 2236
1398 2237
1399 2239
1400 2240
1401 2241
1402 2243
1403 2244
1404 2246
1405 2247
1406 2249
1407 2250
1408 2252
1409 2253
1410 2255
1411 2256
1412 2258
1413 2259
1414 2261
1415 2262
1416 2264
1417 2265
1418 2267
1419 2268
1420 2270
1421 2271
1422 2273
1423 2274
1424 2276
1425 2277
1426 2279
1427 2280
1428 2282
1429 2283
1430 2285
1431 2286
1432 2288
1433 2289
1434 2291
1435 2292
1436 2294
1437 2295
1438 2297
1439 2298
1440 2300
1441 2301
1442 2303
1443 2304
1444 2306
1445 2307
1446 2309
1447 2310
1448 2315
1449 2316
1450 2319
1451 2321
1452 2322
1453 2325
1454 2327
1455 2328
1456 2330
1457 2331
1458 2333
1459 2334
1460 2335
1461 2337
1462 2338
1463 2340
1464 2341
1465 2343
1466 2344
1467 2346
1468 2347
1469 2349
1470 2350
1471 2352
1472 2353
1473 2355
1474 2356
1475 2358
1476 2359
1477 2361
1478 2362
1479 2364
1480 2365
1481 2367
1482 2368
1483 2370
1484 2371
1485 2373
1486 2374
1487 2376
1488 2377
1489 2379
1490 2380
1491 2382
1492 2383
1493 2386
1494 2388
1495 2389
1496 2391
1497 2392
1498 2394
1499 2395
1500 2397
1501 2400
1502 2403
1503 2404
1504 2406
1505 2407
1506 2409
1507 2410
1508 2412
1509 2413
1510 2415
1511 2416
1512 2418
1513 2419
1514 2421
1515 2422
1516 2424
1517 2425
1518 2427
1519 2428
1520 2431
1521 2432
1522 2434
1523 2435
1524 2437
1525 2438
1526 2440
1527 2441
1528 2443
1529 2444
1530 2446
1531 2447
1532 2449
1533 2450
1534 2452
1535 2453
1536 2455
1537 2456
1538 2458
1539 2459
1540 2461
1541 2462
1542 2464
1543 2465
1544 2467
1545 2468
1546 2470
1547 2471
1548 2473
1549 2474
1550 2476
1551 2477
1552 2479
1553 2480
1554 2482
1555 2483
1556 2485
1557 2486
1558 2488
1559 2489
1560 2491
1561 2492
1562 2494
1563 2495
1564 2497
1565 2498
1566 2500
1567 2501
1568 2503
1569 2504
1570 2506
1571 2507
1572 2509
1573 2510
1574 2512
1575 2513
1576 2515
1577 2516
1578 2518
1579 2519
1580 2521
1581 2522
1582 2523
1583 2525
1584 2526
1585 2528
1586 2529
1587 2531
1588 2532
1589 2534
1590 2535
1591 2537
1592 2538
1593 2540
1594 2541
1595 2543
1596 2544
1597 2546
1598 2549
1599 2550
1600 2552
1601 2553
1602 2555
1603 2556
1604 2558
1605 2559
1606 2561
1607 2562
1608 2567
1609 2568
1610 2570
1611 2571
1612 2576
1613 2582
1614 2583
1615 2585
1616 2586
1617 2591
1618 2594
1619 2595
1620 2597
1621 2600
1622 2603
1623 2604
1624 2607
1625 2608
1626 2609
1627 2614
1628 2615
1629 2616
1630 2619
1631 2621
1632 2622
1633 2624
1634 2625
1635 2628
1636 2631
1637 2633
1638 2634
1639 2637
1640 2639
1641 2640
1642 2642
1643 2645
1644 2648
1645 2649
1646 2651
1647 2652
1648 2654
1649 2655
1650 2657
1651 2658
1652 2660
1653 2664
1654 2666
1655 2667
1656 2669
1657 2670
1658 2672
1659 2676
1660 2678
1661 2679
1662 2681
1663 2682
1664 2684
1665 2685
1666 2687
1667 2688
1668 2690
1669 2691
1670 2693
1671 2694
1672 2696
1673 2697
1674 2699
1675 2700
1676 2702
1677 2703
1678 2705
1679 2706
1680 2707
1681 2710
1682 2712
1683 2713
1684 2715
1685 2716
1686 2718
1687 2719
1688 2721
1689 2722
1690 2724
1691 2725
1692 2727
1693 2728
1694 2730
1695 2731
1696 2733
1697 2734
1698 2736
1699 2737
1700 2739
1701 2740
1702 2742
1703 2743
1704 2745
1705 2746
1706 2748
1707 2749
1708 2751
1709 2752
1710 2754
1711 2755
1712 2757
1713 2758
1714 2760
1715 2761
1716 2763
1717 2764
1718 2766
1719 2767
1720 2769
1721 2770
1722 2772
1723 2773
1724 2775
1725 2776
1726 2778
1727 2779
1728 2781
1729 2782
1730 2784
1731 2785
1732 2787
1733 2788
1734 2790
1735 2791
1736 2793
1737 2794
1738 2796
1739 2797
1740 2799
1741 2800
1742 2802
1743 2803
1744 2804
1745 2806
1746 2807
1747 2809
1748 2810
1749 2812
1750 2813
1751 2815
1752 2816
1753 2818
1754 2819
1755 2821
1756 2822
1757 2824
1758 2825
1759 2827
1760 2828
1761 2830
1762 2831
1763 2833
1764 2834
1765 2836
1766 2837
1767 2839
1768 2840
1769 2842
1770 2843
1771 2845
1772 2846
1773 2848
1774 2849
1775 2851
1776 2852
1777 2854
1778 2855
1779 2857
1780 2858
1781 2860
1782 2861
1783 2863
1784 2864
1785 2866
1786 2867
1787 2869
1788 2870
1789 2872
1790 2873
1791 2875
1792 2876
1793 2878
1794 2879
1795 2881
1796 2882
1797 2884
1798 2885
1799 2887
1800 2888
1801 2890
1802 2891
1803 2893
1804 2894
1805 2896
1806 2897
1807 2898
1808 2900
1809 2901
1810 2903
1811 2904
1812 2906
1813 2907
1814 2909
1815 2910
1816 2912
1817 2913
1818 2915
1819 2916
1820 2918
1821 2919
1822 2921
1823 2922
1824 2923
1825 2924
1826 2926
1827 2927
1828 2929
1829 2930
1830 2932
1831 2933
1832 2935
1833 2936
1834 2938
1835 2939
1836 2941
1837 2942
1838 2944
1839 2945
1840 2947
1841 2948
1842 2950
1843 2951
1844 2953
1845 2954
1846 2956
1847 2957
1848 2959
1849 2960
1850 2962
1851 2963
1852 2965
1853 2966
1854 2968
1855 2969
1856 2971
1857 2972
1858 2974
1859 2975
1860 2977
1861 2978
1862 2980
1863 2981
1864 2983
1865 2984
1866 2986
1867 2987
1868 2988
1869 2990
1870 2991
1871 2993
1872 2994
1873 2996
1874 2997
1875 2999
1876 3000
1877 3002
1878 3003
1879 3005
1880 3006
1881 3008
1882 3009
1883 3011
1884 3012
1885 3014
1886 3015
1887 3017
1888 3018
1889 3020
1890 3021
1891 3023
1892 3024
1893 3026
1894 3027
1895 3029
1896 3030
1897 3032
1898 3033
1899 3035
1900 3036
1901 3038
1902 3039
1903 3041
1904 3042
1905 3044
1906 3045
1907 3047
1908 3048
1909 3050
1910 3051
1911 3053
1912 3054
1913 3056
1914 3057
1915 3059
1916 3060
1917 3062
1918 3063
1919 3065
1920 3066
1921 3068
1922 3069
1923 3071
1924 3072
1925 3074
1926 3075
1927 3077
1928 3078
1929 3080
1930 3081
1931 3082
1932 3084
1933 3085
1934 3087
1935 3088
1936 3090
1937 3091
1938 3093
1939 3094
1940 3096
1941 3097
1942 3099
1943 3100
1944 3102
1945 3103
1946 3105
1947 3106
1948 3108
1949 3109
1950 3111
1951 3112
1952 3114
1953 3115
1954 3117
1955 3118
1956 3120
1957 3121
1958 3123
1959 3124
1960 3126
1961 3127
1962 3129
1963 3130
1964 3132
1965 3133
1966 3135
1967 3136
1968 3139
1969 3141
1970 3142
1971 3144
1972 3145
1973 3147
1974 3148
1975 3150
1976 3151
1977 3153
1978 3154
1979 3156
1980 3157
1981 3159
1982 3160
1983 3162
1984 3163
1985 3165
1986 3166
1987 3169
1988 3171
1989 3172
1990 3174
1991 3176
1992 3178
1993 3181
1994 3182
1995 3184
1996 3187
1997 3188
1998 3191
1999 3193
2000 3194
2001 3196
2002 3199
2003 3200
2004 3202
2005 3203
2006 3205
2007 3206
2008 3214
2009 3215
2010 3217
2011 3218
2012 3220
2013 3221
2014 3223
2015 3224
2016 3226
2017 3227
2018 3230
2019 3232
2020 3235
2021 3236
2022 3239
2023 3240
2024 3242
2025 3243
2026 3244
2027 3246
2028 3247
2029 3249
2030 3250
2031 3252
2032 3255
2033 3258
2034 3259
2035 3262
2036 3265
2037 3267
2038 3268
2039 3270
2040 3271
2041 3272
2042 3274
2043 3275
2044 3277
2045 3278
2046 3280
2047 3281
2048 3283
2049 3284
2050 3286
2051 3287
2052 3289
2053 3292
2054 3293
2055 3295
2056 3296
2057 3298
2058 3299
2059 3301
2060 3302
2061 3304
2062 3305
2063 3308
2064 3310
2065 3311
2066 3313
2067 3314
2068 3316
2069 3317
2070 3319
2071 3320
2072 3322
2073 3323
2074 3325
2075 3328
2076 3329
2077 3331
2078 3332
2079 3334
2080 3335
2081 3337
2082 3338
2083 3340
2084 3341
2085 3343
2086 3344
2087 3346
2088 3347
2089 3349
2090 3353
2091 3356
2092 3359
2093 3361
2094 3362
2095 3365
2096 3368
2097 3371
2098 3374
2099 3377
2100 3378
2101 3380
2102 3381
2103 3383
2104 3384
2105 3386
2106 3387
2107 3389
2108 3390
2109 3392
2110 3393
2111 3395
2112 3396
2113 3398
2114 3399
2115 3402
2116 3404
2117 3405
2118 3407
2119 3408
2120 3410
2121 3411
2122 3414
2123 3417
2124 3419
2125 3422
2126 3423
2127 3425
2128 3428
2129 3429
2130 3431
2131 3432
2132 3434
2133 3438
2134 3440
2135 3444
2136 3446
2137 3449
2138 3450
2139 3452
2140 3455
2141 3458
2142 3459
2143 3460
2144 3462
2145 3463
2146 3465
2147 3466
2148 3468
2149 3469
2150 3471
2151 3472
2152 3474
2153 3475
2154 3477
2155 3478
2156 3480
2157 3481
2158 3483
2159 3484
2160 3486
2161 3487
2162 3490
2163 3493
2164 3495
2165 3498
2166 3499
2167 3501
2168 3502
2169 3504
2170 3505
2171 3507
2172 3508
2173 3510
2174 3513
2175 3517
2176 3519
2177 3520
2178 3522
2179 3523
2180 3525
2181 3526
2182 3528
2183 3529
2184 3531
2185 3534
2186 3537
2187 3540
2188 3541
2189 3543
2190 3544
2191 3546
2192 3547
2193 3549
2194 3550
2195 3551
2196 3553
2197 3554
2198 3556
2199 3557
2200 3559
2201 3560
2202 3562
2203 3563
2204 3565
2205 3566
2206 3568
2207 3569
2208 3571
2209 3572
2210 3574
2211 3575
2212 3577
2213 3578
2214 3580
2215 3581
2216 3583
2217 3584
2218 3586
2219 3587
2220 3589
2221 3590
2222 3592
2223 3593
2224 3595
2225 3596
2226 3598
2227 3599
2228 3601
2229 3602
2230 3604
2231 3605
2232 3607
2233 3608
2234 3610
2235 3611
2236 3613
2237 3616
2238 3617
2239 3619
2240 3620
2241 3622
2242 3623
2243 3625
2244 3626
2245 3629
2246 3632
2247 3634
2248 3635
2249 3637
2250 3638
2251 3640
2252 3641
2253 3643
2254 3644
2255 3646
2256 3647
2257 3648
2258 3650
2259 3651
2260 3653
2261 3654
2262 3656
2263 3657
2264 3659
2265 3660
2266 3662
2267 3663
2268 3665
2269 3666
2270 3668
2271 3669
2272 3671
2273 3672
2274 3674
2275 3675
2276 3677
2277 3678
2278 3680
2279 3681
2280 3683
2281 3684
2282 3686
2283 3687
2284 3689
2285 3690
2286 3692
2287 3693
2288 3695
2289 3696
2290 3698
2291 3699
2292 3701
2293 3702
2294 3704
2295 3705
2296 3707
2297 3708
2298 3710
2299 3711
2300 3713
2301 3714
2302 3716
2303 3717
2304 3719
2305 3720
2306 3722
2307 3723
2308 3725
2309 3726
2310 3728
2311 3729
2312 3731
2313 3732
2314 3734
2315 3735
2316 3737
2317 3738
2318 3739
2319 3741
2320 3742
2321 3744
2322 3745
2323 3747
2324 3748
2325 3750
2326 3751
2327 3753
2328 3754
2329 3756
2330 3757
2331 3759
2332 3760
2333 3762
2334 3763
2335 3765
2336 3766
2337 3768
2338 3769
2339 3771
2340 3772
2341 3774
2342 3775
2343 3777
2344 3778
2345 3780
2346 3781
2347 3783
2348 3784
2349 3786
2350 3787
2351 3789
2352 3790
2353 3792
2354 3793
2355 3795
2356 3796
2357 3798
2358 3799
2359 3801
2360 3802
2361 3804
2362 3805
2363 3807
2364 3808
2365 3810
2366 3811
2367 3813
2368 3814
2369 3816
2370 3817
2371 3819
2372 3820
2373 3822
2374 3823
2375 3825
2376 3826
2377 3828
2378 3829
2379 3831
2380 3832
2381 3833
2382 3835
2383 3836
2384 3838
2385 3839
2386 3841
2387 3842
2388 3844
2389 3845
2390 3847
2391 3848
2392 3850
2393 3851
2394 3853
2395 3854
2396 3856
2397 3857
2398 3859
2399 3860
2400 3862
2401 3863
2402 3865
2403 3866
2404 3868
2405 3869
2406 3871
2407 3872
2408 3874
2409 3875
2410 3877
2411 3878
2412 3880
2413 3881
2414 3883
2415 3884
2416 3886
2417 3887
2418 3889
2419 3890
2420 3892
2421 3893
2422 3895
2423 3896
2424 3898
2425 3899
2426 3901
2427 3904
2428 3907
2429 3908
2430 3911
2431 3913
2432 3914
2433 3916
2434 3919
2435 3922
2436 3923
2437 3926
2438 3927
2439 3929
2440 3930
2441 3933
2442 3935
2443 3936
2444 3938
2445 3939
2446 3941
2447 3942
2448 3944
2449 3947
2450 3950
2451 3951
2452 3953
2453 3954
2454 3956
2455 3957
2456 3960
2457 3962
2458 3963
2461 3966
2462 3969
2463 3972
2464 3974
2465 3975
2466 3977
2467 3978
2468 3980
2469 3981
2470 3984
2471 3986
2472 3989
2473 3992
2474 3993
2475 3996
2476 3998
2477 3999
2478 4001
2479 4002
2480 4004
2481 4005
2482 4008
2483 4010
2484 4011
2485 4013
2486 4014
2487 4017
2488 4018
2489 4020
2490 4021
2491 4023
2492 4024
2493 4026
2494 4027
2495 4029
2496 4030
2497 4032
2498 4033
2499 4035
2500 4036
2501 4039
2502 4042
2503 4045
2504 4047
2505 4048
2506 4050
2507 4051
2508 4053
2509 4054
2510 4056
2511 4057
2512 4059
2513 4060
2514 4062
2515 4063
2516 4065
2517 4066
2518 4068
2519 4069
2520 4071
2521 4072
2522 4074
2523 4075
2524 4077
2525 4078
2526 4080
2527 4081
2528 4083
2529 4084
2530 4086
2531 4087
2532 4089
2533 4090
2534 4092
2535 4093
2536 4095
2537 4096
2538 4098
2539 4099
2540 4101
2541 4102
2542 4104
2543 4105
2544 4107
2545 4108
2546 4110
2547 4111
2548 4114
2549 4115
2550 4118
2551 4120
2552 4121
2553 4124
2554 4127
2555 4130
2556 4132
2557 4133
2558 4136
2559 4138
2560 4139
2561 4141
2562 4145
2563 4147
2564 4148
2565 4150
2566 4153
2567 4156
2568 4159
2569 4163
2570 4168
2571 4171
2572 4172
2573 4176
2574 4179
2575 4180
2576 4183
2577 4185
2578 4186
2579 4191
2580 4194
2581 4198
2582 4201
2583 4203
2584 4205
2585 4207
2586 4208
2587 4210
2588 4213
2589 4214
2590 4216
2591 4219
2592 4222
2593 4223
2594 4225
2595 4226
2596 4228
2597 4229
2598 4231
2599 4232
2600 4234
2601 4235
2602 4237
2603 4240
2604 4241
2605 4246
2606 4249
2607 4250
2608 4252
2609 4253
2610 4255
2611 4256
2612 4258
2613 4259
2614 4261
2615 4262
2616 4265
2617 4267
2618 4268
2619 4270
2620 4271
2621 4273
2622 4274
2623 4276
2624 4277
2625 4279
2626 4280
2627 4282
2628 4283
2629 4285
2630 4286
2631 4288
2632 4289
2633 4291
2634 4292
2635 4294
2636 4295
2637 4297
2638 4298
2639 4299
2640 4302
2641 4304
2642 4305
2643 4307
2644 4308
2645 4310
2646 4311
2647 4313
2648 4314
2649 4316
2650 4317
2651 4319
2652 4320
2653 4322
2654 4323
2655 4325
2656 4326
2657 4328
2658 4329
2659 4331
2660 4332
2661 4334
2662 4335
2663 4337
2664 4338
2665 4340
2666 4341
2667 4343
2668 4344
2669 4346
2670 4347
2671 4349
2672 4350
2673 4352
2674 4353
2675 4355
2676 4356
2677 4358
2678 4359
2679 4361
2680 4362
2681 4364
2682 4365
2683 4368
2684 4370
2685 4371
2686 4374
2687 4376
2688 4377
2689 4379
2690 4380
2691 4382
2692 4383
2693 4385
2694 4386
2695 4388
2696 4389
2697 4391
2698 4392
2699 4393
2700 4395
2701 4396
2702 4398
2703 4399
2704 4401
2705 4402
2706 4404
2707 4405
2708 4407
2709 4410
2710 4411
2711 4413
2712 4416
2713 4417
2714 4419
2715 4420
2716 4422
2717 4423
2718 4425
2719 4426
2720 4428
2721 4429
2722 4431
2723 4432
2724 4434
2725 4435
2726 4437
2727 4438
2728 4440
2729 4441
2730 4443
2731 4446
2732 4449
2733 4450
2734 4452
2735 4453
2736 4455
2737 4456
2738 4458
2739 4459
2740 4461
2741 4462
2742 4464
2743 4465
2744 4467
2745 4468
2746 4470
2747 4471
2748 4473
2749 4474
2750 4476
2751 4477
2752 4479
2753 4480
2754 4482
2755 4483
2756 4485
2757 4486
2758 4488
2759 4489
2760 4490
2761 4492
2762 4493
2763 4495
2764 4496
2765 4498
2766 4499
2767 4501
2768 4502
2769 4504
2770 4505
2771 4507
2772 4508
2773 4510
2774 4511
2775 4513
2776 4514
2777 4516
2778 4517
2779 4519
2780 4520
2781 4522
2782 4523
2783 4525
2784 4526
2785 4528
2786 4529
2787 4531
2788 4532
2789 4534
2790 4535
2791 4537
2792 4538
2793 4540
2794 4541
2795 4543
2796 4544
2797 4546
2798 4547
2799 4549
2800 4550
2801 4552
2802 4553
2803 4555
2804 4556
2805 4558
2806 4559
2807 4561
2808 4562
2809 4564
2810 4565
2811 4567
2812 4568
2813 4570
2814 4571
2815 4573
2816 4574
2817 4576
2818 4577
2819 4578
2820 4580
2821 4582
2822 4583
2823 4584
2824 4589
2825 4590
2826 4593
2827 4595
2828 4596
2829 4598
2830 4599
2831 4601
2832 4602
2833 4604
2834 4605
2835 4607
2836 4608
2837 4610
2838 4613
2839 4614
2840 4616
2841 4617
2842 4619
2843 4620
2844 4622
2845 4623
2846 4625
2847 4626
2848 4628
2849 4629
2850 4631
2851 4632
2852 4634
2853 4635
2854 4637
2855 4638
2856 4640
2857 4641
2858 4643
2859 4644
2860 4646
2861 4647
2862 4649
2863 4650
2864 4652
2865 4653
2866 4655
2867 4656
2868 4658
2869 4659
2870 4661
2871 4662
2872 4664
2873 4665
2874 4667
2875 4668
2876 4670
2877 4671
2878 4672
2879 4674
2880 4675
2881 4677
2882 4678
2883 4680
2884 4681
2885 4684
2886 4686
2887 4687
2888 4689
2889 4690
2890 4692
2891 4693
2892 4695
2893 4696
2894 4698
2895 4701
2896 4702
2897 4704
2898 4705
2899 4708
2900 4710
2901 4711
2902 4713
2903 4714
2904 4716
2905 4717
2906 4719
2907 4720
2908 4722
2909 4723
2910 4725
2911 4726
2912 4728
2913 4729
2914 4731
2915 4732
2916 4734
2917 4735
2918 4737
2919 4738
2920 4740
2921 4741
2922 4743
2923 4744
2924 4746
2925 4747
2926 4749
2927 4750
2928 4752
2929 4753
2930 4755
2931 4756
2932 4758
2933 4759
2934 4761
2935 4762
2936 4764
2937 4765
2938 4766
2939 4768
2940 4769
2941 4771
2942 4772
2943 4774
2944 4775
2945 4777
2946 4778
2947 4780
2948 4781
