0 25
1 27
2 28
3 30
4 31
5 33
6 34
7 36
8 37
9 39
10 40
11 42
12 43
13 45
14 46
15 48
16 49
17 51
18 52
19 54
20 55
21 57
22 58
23 60
24 61
25 63
26 64
27 66
28 67
29 69
30 70
31 72
32 73
33 75
34 76
35 78
36 79
37 81
38 82
39 84
40 85
41 87
42 88
43 90
44 91
45 92
46 94
47 95
48 97
49 98
50 100
51 101
52 103
53 104
54 106
55 107
56 109
57 110
58 112
59 113
60 115
61 116
62 118
63 119
64 121
65 122
66 124
67 125
68 127
69 128
70 130
71 131
72 133
73 134
74 136
75 137
76 139
77 140
78 142
79 143
80 145
81 146
82 148
83 149
84 151
85 152
86 154
87 155
88 157
89 158
90 160
91 161
92 163
93 164
94 166
95 167
96 169
97 170
98 172
99 173
100 175
101 176
102 178
103 179
104 181
105 182
106 183
107 185
108 186
109 188
110 189
111 191
112 192
113 194
114 195
115 197
116 198
117 200
118 201
119 203
120 204
121 206
122 207
123 209
124 210
125 212
126 213
127 215
128 216
129 218
130 219
131 221
132 222
133 224
134 225
135 227
136 228
137 230
138 231
139 233
140 234
141 236
142 237
143 239
144 242
145 243
146 245
147 246
148 248
149 249
150 251
151 252
152 254
153 255
154 257
155 258
156 261
157 263
158 264
159 266
160 267
161 269
162 270
163 272
164 273
165 275
166 276
167 278
168 279
169 280
170 282
171 283
172 285
173 286
174 288
175 289
176 291
177 292
178 294
179 295
180 297
181 298
182 300
183 301
184 303
185 304
186 306
187 307
188 309
189 310
190 312
191 313
192 315
193 316
194 318
195 319
196 321
197 322
198 324
199 325
200 327
201 328
202 330
203 331
204 333
205 334
206 336
207 337
208 339
209 340
210 342
211 343
212 345
213 346
214 348
215 349
216 351
217 352
218 354
219 355
220 357
221 358
222 360
223 361
224 363
225 364
226 366
227 367
228 369
229 370
230 372
231 373
232 375
233 376
234 377
235 379
236 380
237 382
238 383
239 385
240 386
241 388
242 389
243 391
244 392
245 394
246 395
247 397
248 398
249 400
250 401
251 403
252 404
253 406
254 407
255 409
256 410
257 412
258 413
259 415
260 416
261 418
262 419
263 421
264 422
265 424
266 425
267 427
268 428
269 430
270 431
271 433
272 434
273 436
274 437
275 439
276 440
277 442
278 443
279 445
280 446
281 448
282 449
283 451
284 452
285 454
286 455
287 457
288 458
289 460
290 461
291 463
292 464
293 466
294 467
295 468
296 470
297 471
298 473
299 474
300 476
301 477
302 479
303 480
304 482
305 483
306 485
307 486
308 488
309 489
310 491
311 492
312 494
313 495
314 497
315 498
316 500
317 501
318 503
319 504
320 506
321 507
322 509
323 510
324 512
325 513
326 515
327 516
328 518
329 519
330 521
331 522
332 524
333 525
334 527
335 528
336 530
337 531
338 533
339 534
340 536
341 537
342 539
343 540
344 542
345 543
346 545
347 546
348 548
349 549
350 551
351 552
352 554
353 555
354 557
355 558
356 559
357 561
358 562
359 564
360 565
361 567
362 568
363 570
364 571
365 573
366 574
367 576
368 579
369 580
370 582
371 583
372 585
373 586
374 588
375 589
376 591
377 592
378 594
379 595
380 597
381 598
382 600
383 601
384 603
385 604
386 606
387 607
388 609
389 610
390 612
391 613
392 615
393 616
394 618
395 621
396 624
397 625
398 628
399 630
400 631
401 633
402 634
403 636
404 637
405 639
406 640
407 642
408 643
409 645
410 646
411 648
412 651
413 652
414 655
415 656
416 658
417 659
418 661
419 662
420 665
421 667
422 671
423 673
424 674
425 676
426 677
427 679
428 680
429 682
430 683
431 685
432 686
433 688
434 689
435 691
436 692
437 694
438 695
439 697
440 698
441 700
442 701
443 703
444 704
445 706
446 707
447 709
448 710
449 713
450 715
451 716
452 718
453 719
454 721
455 724
456 725
457 727
458 728
459 730
460 731
461 734
462 736
463 737
464 739
465 740
466 742
467 743
468 745
469 746
470 748
471 749
472 750
473 753
474 755
475 756
476 758
477 759
478 761
479 762
480 764
481 765
482 767
483 768
484 770
485 771
486 773
487 774
488 776
489 777
490 779
491 782
492 783
493 786
494 789
495 792
496 794
497 795
498 797
499 798
500 800
501 801
502 803
503 807
504 810
505 812
506 813
507 815
508 816
509 818
510 819
511 821
512 822
513 824
514 825
515 827
516 828
517 830
518 831
519 833
520 834
521 836
522 837
523 839
524 840
525 843
526 844
527 847
528 849
529 852
530 853
531 855
532 856
533 858
534 859
535 861
536 862
537 864
538 865
539 867
540 868
541 870
542 871
543 873
544 874
545 876
546 877
547 879
548 880
549 882
550 883
551 886
552 888
553 889
554 891
555 892
556 894
557 895
558 897
559 898
560 900
561 901
562 903
563 904
564 906
565 907
566 909
567 912
568 913
569 915
570 916
571 918
572 919
573 922
574 924
575 925
576 927
577 928
578 931
579 934
580 935
581 937
582 938
583 940
584 941
585 943
586 946
587 947
588 949
589 950
590 952
591 953
592 955
593 956
594 958
595 959
596 961
597 962
598 964
599 965
600 967
601 968
602 970
603 971
604 973
605 974
606 976
607 977
608 979
609 980
610 982
611 983
612 985
613 986
614 988
615 989
616 991
617 992
618 994
619 995
620 997
621 998
622 1000
623 1001
624 1003
625 1004
626 1006
627 1007
628 1009
629 1010
630 1012
631 1013
632 1015
633 1016
634 1018
635 1019
636 1021
637 1022
638 1024
639 1025
640 1027
641 1028
642 1029
643 1031
644 1032
645 1034
646 1035
647 1037
648 1038
649 1040
650 1041
651 1043
652 1044
653 1046
654 1047
655 1049
656 1050
657 1052
658 1053
659 1055
660 1056
661 1058
662 1059
663 1061
664 1062
665 1064
666 1065
667 1067
668 1068
669 1070
670 1071
671 1073
672 1074
673 1076
674 1077
675 1079
676 1080
677 1082
678 1083
679 1085
680 1086
681 1088
682 1089
683 1091
684 1092
685 1094
686 1095
687 1097
688 1098
689 1100
690 1101
691 1103
692 1104
693 1106
694 1107
695 1109
696 1110
697 1112
698 1113
699 1115
700 1116
701 1118
702 1119
703 1121
704 1122
705 1124
706 1125
707 1126
708 1128
709 1129
710 1131
711 1132
712 1134
713 1135
714 1137
715 1138
716 1140
717 1141
718 1143
719 1144
720 1146
721 1147
722 1149
723 1150
724 1152
725 1153
726 1155
727 1156
728 1158
729 1159
730 1161
731 1162
732 1164
733 1165
734 1167
735 1168
736 1170
737 1171
738 1173
739 1174
740 1176
741 1177
742 1179
743 1180
744 1182
745 1183
746 1185
747 1186
748 1188
749 1189
750 1191
751 1192
752 1194
753 1195
754 1197
755 1198
756 1200
757 1201
758 1203
759 1204
760 1206
761 1207
762 1209
763 1210
764 1212
765 1213
766 1215
767 1216
768 1218
769 1219
770 1220
771 1222
772 1223
773 1225
774 1226
775 1228
776 1229
777 1231
778 1232
779 1234
780 1235
781 1237
782 1238
783 1240
784 1241
785 1243
786 1244
787 1246
788 1247
789 1249
790 1250
791 1252
792 1253
793 1255
794 1256
795 1258
796 1259
797 1261
798 1262
799 1264
800 1265
801 1267
802 1268
803 1270
804 1271
805 1273
806 1274
807 1276
808 1277
809 1279
810 1280
811 1282
812 1283
813 1285
814 1286
815 1288
816 1289
817 1291
818 1292
819 1294
820 1295
821 1297
822 1298
823 1300
824 1301
825 1303
826 1304
827 1306
828 1307
829 1309
830 1310
831 1312
832 1313
833 1314
834 1316
835 1317
836 1319
837 1320
838 1322
839 1323
840 1325
841 1326
842 1328
843 1329
844 1331
845 1332
846 1334
847 1335
848 1337
849 1338
850 1340
851 1341
852 1343
853 1344
854 1346
855 1347
856 1349
857 1350
858 1352
859 1353
860 1355
861 1356
862 1358
863 1359
864 1361
865 1362
866 1364
867 1365
868 1367
869 1368
870 1370
871 1371
872 1373
873 1374
874 1376
875 1377
876 1379
877 1380
878 1382
879 1383
880 1385
881 1386
882 1388
883 1389
884 1391
885 1392
886 1394
887 1395
888 1397
889 1398
890 1400
891 1401
892 1403
893 1404
894 1405
895 1407
896 1408
897 1410
898 1411
899 1413
900 1414
901 1417
902 1420
903 1422
904 1423
905 1425
906 1426
907 1431
908 1432
909 1434
910 1437
911 1438
912 1440
913 1441
914 1443
915 1444
916 1446
917 1447
918 1449
919 1450
920 1453
921 1456
922 1459
923 1461
924 1464
925 1465
926 1468
927 1470
928 1471
929 1473
930 1474
931 1476
932 1477
933 1479
934 1480
935 1483
936 1485
937 1486
938 1488
939 1489
940 1491
941 1492
942 1494
943 1495
944 1497
945 1498
946 1500
947 1502
948 1504
949 1505
950 1507
951 1508
952 1510
953 1513
954 1514
955 1516
956 1519
957 1522
958 1525
959 1526
960 1528
961 1529
962 1532
963 1535
964 1538
965 1540
966 1541
967 1543
968 1546
969 1547
970 1549
971 1550
972 1552
973 1553
974 1555
975 1556
976 1558
977 1559
978 1561
979 1562
980 1564
981 1565
982 1568
983 1570
984 1571
985 1574
986 1576
987 1577
988 1579
989 1583
990 1585
991 1586
992 1588
993 1589
994 1591
995 1594
996 1595
997 1596
998 1598
999 1599
1000 1601
1001 1602
1002 1604
1003 1605
1004 1607
1005 1608
1006 1610
1007 1611
1008 1613
1009 1614
1010 1616
1011 1617
1012 1619
1013 1620
1014 1622
1015 1623
1016 1625
1017 1626
1018 1628
1019 1629
1020 1631
1021 1632
1022 1634
1023 1635
1024 1637
1025 1638
1026 1640
1027 1641
1028 1643
1029 1644
1030 1646
1031 1647
1032 1649
1033 1650
1034 1652
1035 1653
1036 1655
1037 1656
1038 1658
1039 1659
1040 1661
1041 1662
1042 1664
1043 1667
1044 1668
1045 1670
1046 1671
1047 1673
1048 1674
1049 1676
1050 1677
1051 1679
1052 1680
1053 1682
1054 1683
1055 1685
1056 1689
1057 1690
1058 1693
1059 1698
1060 1699
1061 1701
1062 1702
1063 1704
1064 1705
1065 1708
1066 1711
1067 1713
1068 1714
1069 1716
1070 1717
1071 1719
1072 1722
1073 1725
1074 1726
1075 1728
1076 1729
1077 1731
1078 1732
1079 1734
1080 1737
1081 1738
1082 1740
1083 1741
1084 1743
1085 1744
1086 1747
1087 1750
1088 1752
1089 1755
1090 1756
1091 1758
1092 1759
1093 1761
1094 1762
1095 1764
1096 1767
1097 1768
1098 1770
1099 1771
1100 1773
1101 1774
1102 1776
1103 1777
1104 1779
1105 1780
1106 1781
1107 1783
1108 1786
1109 1787
1110 1792
1111 1796
1112 1798
1113 1799
1114 1802
1115 1805
1116 1807
1117 1808
1118 1811
1119 1813
1120 1814
1121 1817
1122 1819
1123 1820
1124 1823
1125 1826
1126 1828
1127 1829
1128 1831
1129 1832
1130 1834
1131 1835
1132 1837
1133 1838
1134 1840
1135 1844
1136 1846
1137 1847
1138 1849
1139 1852
1140 1853
1141 1855
1142 1856
1143 1858
1144 1859
1145 1862
1146 1864
1147 1865
1148 1867
1149 1870
1150 1871
1151 1876
1152 1877
1153 1880
1154 1881
1155 1883
1156 1884
1157 1886
1158 1887
1159 1889
1160 1890
1161 1892
1162 1893
1163 1895
1164 1896
1165 1899
1166 1901
1167 1904
1168 1905
1169 1907
1170 1908
1171 1910
1172 1911
1173 1913
1174 1914
1175 1916
1176 1917
1177 1919
1178 1922
1179 1923
1180 1925
1181 1926
1182 1928
1183 1929
1184 1932
1185 1934
1186 1935
1187 1937
1188 1938
1189 1940
1190 1941
1191 1943
1192 1944
1193 1946
1194 1947
1195 1949
1196 1950
1197 1952
1198 1953
1199 1955
1200 1958
1201 1959
1202 1961
1203 1962
1204 1964
1205 1965
1206 1967
1207 1968
1208 1970
1209 1971
1210 1972
1211 1974
1212 1975
1213 1977
1214 1980
1215 1983
1216 1984
1217 1986
1218 1989
1219 1990
1220 1992
1221 1993
1222 1995
1223 1996
1224 1998
1225 1999
1226 2001
1227 2002
1228 2004
1229 2005
1230 2007
1231 2008
1232 2010
1233 2011
1234 2013
1235 2014
1236 2016
1237 2017
1238 2019
1239 2020
1240 2022
1241 2023
1242 2025
1243 2026
1244 2028
1245 2029
1246 2031
1247 2032
1248 2034
1249 2035
1250 2037
1251 2038
1252 2040
1253 2041
1254 2043
1255 2044
1256 2046
1257 2047
1258 2049
1259 2050
1260 2052
1261 2053
1262 2055
1263 2056
1264 2058
1265 2059
1266 2062
1267 2063
1268 2065
1269 2066
1270 2068
1271 2069
1272 2071
1273 2072
1274 2074
1275 2075
1276 2077
1277 2078
1278 2080
1279 2081
1280 2083
1281 2084
1282 2086
1283 2087
1284 2089
1285 2090
1286 2092
1287 2093
1288 2095
1289 2096
1290 2098
1291 2099
1292 2101
1293 2102
1294 2104
1295 2105
1296 2107
1297 2108
1298 2110
1299 2111
1300 2113
1301 2114
1302 2116
1303 2117
1304 2119
1305 2120
1306 2122
1307 2123
1308 2125
1309 2126
1310 2128
1311 2129
1312 2131
1313 2132
1314 2134
1315 2135
1316 2137
1317 2138
1318 2140
1319 2141
1320 2143
1321 2144
1322 2146
1323 2147
1324 2149
1325 2150
1326 2152
1327 2153
1328 2155
1329 2156
1330 2157
1331 2159
1332 2160
1333 2162
1334 2163
1335 2165
1336 2166
1337 2168
1338 2169
1339 2171
1340 2172
1341 2174
1342 2175
1343 2177
1344 2178
1345 2180
1346 2181
1347 2183
1348 2184
1349 2186
1350 2187
1351 2189
1352 2190
1353 2192
1354 2193
1355 2195
1356 2196
1357 2198
1358 2199
1359 2201
1360 2202
1361 2204
1362 2205
1363 2207
1364 2208
1365 2210
1366 2211
1367 2213
1368 2214
1369 2216
1370 2217
1371 2219
1372 2220
1373 2222
1374 2223
1375 2225
1376 2226
1377 2228
1378 2229
1379 2231
1380 2232
1381 2234
1382 2235
1383 2237
1384 2238
1385 2240
1386 2241
1387 2243
1388 2244
1389 2246
1390 2247
1391 2249
1392 2250
1393 2251
1394 2253
1395 2254
1396 2256
1397 2257
1398 2259
1399 2260
1400 2262
1401 2263
1402 2265
1403 2266
1404 2268
1405 2269
1406 2271
1407 2272
1408 2274
1409 2275
1410 2277
1411 2278
1412 2280
1413 2281
1414 2283
1415 2284
1416 2286
1417 2287
1418 2289
1419 2290
1420 2292
1421 2293
1422 2295
1423 2298
1424 2299
1425 2301
1426 2302
1427 2304
1428 2305
1429 2307
1430 2308
1431 2310
1432 2311
1433 2313
1434 2314
1435 2316
1436 2317
1437 2319
1438 2320
1439 2322
1440 2323
1441 2325
1442 2326
1443 2328
1444 2329
1445 2331
1446 2332
1447 2334
1448 2335
1449 2337
1450 2338
1451 2340
1452 2341
1453 2344
1454 2346
1455 2347
1456 2348
1457 2350
1458 2351
1459 2353
1460 2354
1461 2356
1462 2357
1463 2359
1464 2360
1465 2362
1466 2363
1467 2366
1468 2369
1469 2374
1470 2378
1471 2381
1472 2383
1473 2387
1474 2392
1475 2395
1476 2398
1477 2401
1478 2404
1479 2405
1480 2407
1481 2410
1482 2413
1483 2414
1484 2416
1485 2417
1486 2419
1487 2420
1488 2422
1489 2423
1490 2426
1491 2428
1492 2429
1493 2431
1494 2432
1495 2434
1496 2437
1497 2438
1498 2439
1499 2441
1500 2442
1501 2444
1502 2445
1503 2447
1504 2448
1505 2450
1506 2451
1507 2453
1508 2454
1509 2456
1510 2457
1511 2459
1512 2462
1513 2463
1514 2465
1515 2466
1516 2468
1517 2471
1518 2472
1519 2474
1520 2475
1521 2477
1522 2480
1523 2481
1524 2483
1525 2486
1526 2487
1527 2489
1528 2490
1529 2492
1530 2495
1531 2496
1532 2498
1533 2499
1534 2501
1535 2502
1536 2504
1537 2505
1538 2507
1539 2508
1540 2510
1541 2511
1542 2513
1543 2514
1544 2516
1545 2517
1546 2519
1547 2520
1548 2522
1549 2523
1550 2525
1551 2526
1552 2528
1553 2529
1554 2530
1555 2532
1556 2533
1557 2535
1558 2536
1559 2538
1560 2539
1561 2541
1562 2542
1563 2544
1564 2545
1565 2547
1566 2548
1567 2550
1568 2554
1569 2556
1570 2557
1571 2559
1572 2560
1573 2562
1574 2563
1575 2565
1576 2566
1577 2568
1578 2569
1579 2571
1580 2572
1581 2574
1582 2575
1583 2578
1584 2580
1585 2581
1586 2583
1587 2584
1588 2587
1589 2589
1590 2590
1591 2593
1592 2596
1593 2599
1594 2601
1595 2604
1596 2605
1597 2607
1598 2610
1599 2611
1600 2613
1601 2614
1602 2616
1603 2620
1604 2623
1605 2625
1606 2626
1607 2627
1608 2629
1609 2630
1610 2632
1611 2633
1612 2635
1613 2636
1614 2638
1615 2639
1616 2641
1617 2642
1618 2644
1619 2645
1620 2647
1621 2648
1622 2650
1623 2651
1624 2653
1625 2654
1626 2656
1627 2657
1628 2659
1629 2660
1630 2662
1631 2663
1632 2665
1633 2666
1634 2668
1635 2671
1636 2674
1637 2675
1638 2677
1639 2678
1640 2680
1641 2683
1642 2684
1643 2686
1644 2687
1645 2689
1646 2690
1647 2692
1648 2695
1649 2696
1650 2698
1651 2699
1652 2701
1653 2702
1654 2704
1655 2705
1656 2707
1657 2708
1658 2711
1659 2713
1660 2714
1661 2716
1662 2717
1663 2719
1664 2720
1665 2722
1666 2723
1667 2724
1668 2727
1669 2729
1670 2733
1671 2735
1672 2736
1673 2738
1674 2739
1675 2742
1676 2744
1677 2745
1678 2747
1679 2748
1680 2750
1681 2751
1682 2753
1683 2754
1684 2756
1685 2757
1686 2759
1687 2762
1688 2763
1689 2765
1690 2766
1691 2768
1692 2769
1693 2771
1694 2772
1695 2774
1696 2775
1697 2777
1698 2778
1699 2780
1700 2781
1701 2783
1702 2784
1703 2786
1704 2787
1705 2790
1706 2792
1707 2793
1708 2795
1709 2798
1710 2799
1711 2801
1712 2802
1713 2804
1714 2805
1715 2807
1716 2808
1717 2810
1718 2811
1719 2813
1720 2814
1721 2815
1722 2817
1723 2818
1724 2820
1725 2821
1726 2823
1727 2824
1728 2826
1729 2827
1730 2829
1731 2830
1732 2832
1733 2833
1734 2835
1735 2836
1736 2838
1737 2839
1738 2841
1739 2842
1740 2844
1741 2845
1742 2847
1743 2848
1744 2850
1745 2851
1746 2853
1747 2854
1748 2856
1749 2857
1750 2859
1751 2860
1752 2862
1753 2863
1754 2865
1755 2866
1756 2868
1757 2869
1758 2871
1759 2872
1760 2874
1761 2875
1762 2877
1763 2878
1764 2880
1765 2881
1766 2883
1767 2884
1768 2886
1769 2887
1770 2889
1771 2890
1772 2892
1773 2893
1774 2895
1775 2896
1776 2898
1777 2899
1778 2901
1779 2902
1780 2904
1781 2905
1782 2906
1783 2908
1784 2909
1785 2911
1786 2912
1787 2914
1788 2915
1789 2917
1790 2918
1791 2920
1792 2921
1793 2923
1794 2924
1795 2926
1796 2927
1797 2929
1798 2930
1799 2932
1800 2933
1801 2935
1802 2936
1803 2938
1804 2939
1805 2941
1806 2942
1807 2944
1808 2945
1809 2947
1810 2948
1811 2950
1812 2951
1813 2953
1814 2954
1815 2956
1816 2957
1817 2959
1818 2960
1819 2962
1820 2963
1821 2965
1822 2966
1823 2968
1824 2969
1825 2971
1826 2972
1827 2974
1828 2975
1829 2977
1830 2978
1831 2980
1832 2981
1833 2983
1834 2984
1835 2986
1836 2987
1837 2989
1838 2990
1839 2992
1840 2993
1841 2995
1842 2996
1843 2998
1844 2999
1845 3001
1846 3002
1847 3003
1848 3005
1849 3006
1850 3008
1851 3009
1852 3011
1853 3012
1854 3015
1855 3017
1856 3018
1857 3020
1858 3021
1859 3023
1860 3024
1861 3026
1862 3027
1863 3029
1864 3030
1865 3032
1866 3033
1867 3035
1868 3038
1869 3039
1870 3042
1871 3044
1872 3047
1873 3048
1874 3050
1875 3051
1876 3053
1877 3054
1878 3056
1879 3057
1880 3059
1881 3060
1882 3062
1883 3063
1884 3065
1885 3066
1886 3068
1887 3069
1888 3071
1889 3072
1890 3074
1891 3075
1892 3077
1893 3078
1894 3080
1895 3081
1896 3083
1897 3084
1898 3086
1899 3087
1900 3089
1901 3092
1902 3093
1903 3095
1904 3096
1905 3097
1906 3099
1907 3102
1908 3103
1909 3105
1910 3109
1911 3111
1912 3112
1913 3114
1914 3115
1915 3117
1916 3118
1917 3120
1918 3121
1919 3123
1920 3126
1921 3127
1922 3129
1923 3132
1924 3135
1925 3136
1926 3141
1927 3142
1928 3144
1929 3145
1930 3147
1931 3150
1932 3151
1933 3154
1934 3156
1935 3159
1936 3160
1937 3162
1938 3163
1939 3168
1940 3169
1941 3171
1942 3172
1943 3175
1944 3177
1945 3178
1946 3180
1947 3183
1948 3184
1949 3186
1950 3189
1951 3191
1952 3196
1953 3200
1954 3202
1955 3203
1956 3205
1957 3206
1958 3208
1959 3209
1960 3212
1961 3214
1962 3215
1963 3218
1964 3220
1965 3221
1966 3224
1967 3226
1968 3227
1969 3230
1970 3232
1971 3235
1972 3238
1973 3239
1974 3241
1975 3242
1976 3244
1977 3247
1978 3248
1979 3250
1980 3251
1981 3253
1982 3254
1983 3256
1984 3257
1985 3259
1986 3260
1987 3262
1988 3263
1989 3265
1990 3266
1991 3268
1992 3271
1993 3272
1994 3274
1995 3275
1996 3277
1997 3280
1998 3281
1999 3283
2000 3284
2001 3285
2002 3287
2003 3288
2004 3290
2005 3291
2006 3293
2007 3294
2008 3296
2009 3297
2010 3299
2011 3300
2012 3302
2013 3303
2014 3305
2015 3306
2016 3308
2017 3309
2018 3311
2019 3312
2020 3314
2021 3315
2022 3317
2023 3318
2024 3320
2025 3321
2026 3323
2027 3324
2028 3326
2029 3327
2030 3329
2031 3330
2032 3332
2033 3333
2034 3335
2035 3336
2036 3338
2037 3339
2038 3341
2039 3342
2040 3344
2041 3345
2042 3347
2043 3348
2044 3350
2045 3351
2046 3353
2047 3354
2048 3356
2049 3357
2050 3359
2051 3360
2052 3362
2053 3363
2054 3365
2055 3366
2056 3368
2057 3369
2058 3371
2059 3372
2060 3374
2061 3375
2062 3377
2063 3378
2064 3381
2065 3382
2066 3385
2067 3387
2068 3388
2069 3391
2070 3393
2071 3394
2072 3396
2073 3397
2074 3399
2075 3400
2076 3402
2077 3403
2078 3405
2079 3406
2080 3409
2081 3414
2082 3418
2083 3420
2084 3423
2085 3427
2086 3429
2087 3430
2088 3432
2089 3433
2090 3438
2091 3439
2092 3441
2093 3442
2094 3444
2095 3445
2096 3447
2097 3448
2098 3450
2099 3453
2100 3456
2101 3457
2102 3459
2103 3460
2104 3465
2105 3466
2106 3468
2107 3469
2108 3471
2109 3473
2110 3475
2111 3476
2112 3478
2113 3479
2114 3482
2115 3487
2116 3488
2117 3490
2118 3494
2119 3497
2120 3500
2121 3502
2122 3505
2123 3509
2124 3511
2125 3512
2126 3514
2127 3515
2128 3517
2129 3518
2130 3520
2131 3521
2132 3523
2133 3524
2134 3526
2135 3527
2136 3529
2137 3530
2138 3532
2139 3533
2140 3535
2141 3536
2142 3538
2143 3539
2144 3541
2145 3542
2146 3544
2147 3545
2148 3547
2149 3551
2150 3553
2151 3556
2152 3557
2153 3559
2154 3560
2155 3562
2156 3563
2157 3565
2158 3566
2159 3568
2160 3569
2161 3570
2162 3572
2163 3575
2164 3576
2165 3581
2166 3582
2167 3584
2168 3585
2169 3587
2170 3590
2171 3591
2172 3593
2173 3594
2174 3596
2175 3599
2176 3600
2177 3602
2178 3603
2179 3605
2180 3606
2181 3609
2182 3611
2183 3612
2184 3614
2185 3615
2186 3618
2187 3620
2188 3623
2189 3624
2190 3626
2191 3627
2192 3629
2193 3630
2194 3632
2195 3633
2196 3635
2197 3636
2198 3638
2199 3639
2200 3641
2201 3642
2202 3644
2203 3645
2204 3647
2205 3648
2206 3650
2207 3651
2208 3653
2209 3654
2210 3656
2211 3658
2212 3660
2213 3661
2214 3664
2215 3666
2216 3667
2217 3669
2218 3670
2219 3672
2220 3673
2221 3675
2222 3676
2223 3678
2224 3679
2225 3681
2226 3682
2227 3684
2228 3685
2229 3687
2230 3688
2231 3690
2232 3691
2233 3694
2234 3696
2235 3697
2236 3699
2237 3700
2238 3702
2239 3703
2240 3705
2241 3706
2242 3708
2243 3709
2244 3711
2245 3712
2246 3714
2247 3715
2248 3717
2249 3718
2250 3720
2251 3721
2252 3723
2253 3724
2254 3726
2255 3727
2256 3729
2257 3730
2258 3732
2259 3733
2260 3735
2261 3736
2262 3738
2263 3739
2264 3741
2265 3742
2266 3744
2267 3745
2268 3747
2269 3748
2270 3750
2271 3751
2272 3753
2273 3754
2274 3755
2275 3757
2276 3758
2277 3760
2278 3761
2279 3763
2280 3764
2281 3766
2282 3767
2283 3769
2284 3770
2285 3772
2286 3773
2287 3775
2288 3776
2289 3778
2290 3779
2291 3781
2292 3782
2293 3784
2294 3785
2295 3787
2296 3788
2297 3790
2298 3791
2299 3793
2300 3794
2301 3796
2302 3797
2303 3799
2304 3800
2305 3802
2306 3803
2307 3805
2308 3806
2309 3808
2310 3809
2311 3811
2312 3812
2313 3814
2314 3815
2315 3817
2316 3818
2317 3820
2318 3821
2319 3823
2320 3824
2321 3826
2322 3827
2323 3829
2324 3830
2325 3832
2326 3833
2327 3835
2328 3836
2329 3838
2330 3839
2331 3841
2332 3842
2333 3844
2334 3845
2335 3847
2336 3848
2337 3849
2338 3851
2339 3852
2340 3854
2341 3855
2342 3857
2343 3858
2344 3860
2345 3861
2346 3863
2347 3864
2348 3866
2349 3867
2350 3869
2351 3870
2352 3872
2353 3873
2354 3875
2355 3876
2356 3878
2357 3879
2358 3881
2359 3882
2360 3884
2361 3885
2362 3887
2363 3888
2364 3890
2365 3891
2366 3893
2367 3894
2368 3896
2369 3897
2370 3899
2371 3900
2372 3902
2373 3903
2374 3905
2375 3906
2376 3908
2377 3909
2378 3911
2379 3912
2380 3914
2381 3915
2382 3917
2383 3918
2384 3920
2385 3921
2386 3923
2387 3924
2388 3926
2389 3927
2390 3929
2391 3930
2392 3932
2393 3933
2394 3935
2395 3936
2396 3938
2397 3939
2398 3941
2399 3942
2400 3943
2401 3945
2402 3946
2403 3949
2404 3951
2405 3952
2406 3954
2407 3955
2408 3958
2409 3960
2410 3963
2411 3966
2412 3967
2413 3969
2414 3970
2415 3972
2416 3973
2417 3975
2418 3976
2419 3978
2420 3979
2421 3981
2422 3982
2423 3983
2424 3985
2425 3986
2426 3988
2427 3989
2428 3991
2429 3992
2430 3994
2431 3995
2432 3997
2433 3998
2434 4000
2435 4001
2436 4004
2437 4006
2438 4009
2439 4010
2440 4013
2441 4015
2442 4016
2443 4018
2444 4019
2445 4021
2446 4022
2447 4024
2448 4025
2449 4027
2450 4028
2451 4030
2452 4031
2453 4033
2454 4034
2455 4035
2456 4037
2457 4038
2458 4040
2459 4041
2460 4043
2461 4044
2462 4047
2463 4049
2464 4050
2465 4052
2466 4053
2467 4055
2468 4056
2469 4058
2470 4059
2471 4061
2472 4062
2473 4064
2474 4065
2475 4067
2476 4068
2477 4070
2478 4071
2479 4073
2480 4074
2481 4076
2482 4077
2483 4079
2484 4080
2485 4082
2486 4085
2487 4086
2488 4088
2489 4089
2490 4091
2491 4092
2492 4094
2493 4095
2494 4098
2495 4100
2496 4101
2497 4103
2498 4104
2499 4106
2500 4107
2501 4109
2502 4110
2503 4113
2504 4115
2505 4116
2506 4118
2507 4119
2508 4121
2509 4122
2510 4124
2511 4125
2512 4127
2513 4128
2514 4129
2515 4131
2516 4132
2517 4134
2518 4135
2519 4137
2520 4140
2521 4141
2522 4143
2523 4144
2524 4146
2525 4147
2526 4149
2527 4150
2528 4152
2529 4155
2530 4156
2531 4158
2532 4161
2533 4162
2534 4165
2535 4168
2536 4170
2537 4171
2538 4173
2539 4174
2540 4176
2541 4177
2542 4179
2543 4180
2544 4182
2545 4183
2546 4185
2547 4186
2548 4188
2549 4189
2550 4191
2551 4192
2552 4194
2553 4197
2554 4198
2555 4201
2556 4203
2557 4204
2558 4206
2559 4209
2560 4210
2561 4212
2562 4215
2563 4216
2564 4218
2565 4219
2566 4221
2567 4222
2568 4224
2569 4225
2570 4226
2571 4229
2572 4232
2573 4234
2574 4235
2575 4237
2576 4238
2577 4240
2578 4241
2579 4243
2580 4244
2581 4246
2582 4247
2583 4249
2584 4250
2585 4252
2586 4253
2587 4255
2588 4256
2589 4258
2590 4259
2591 4261
2592 4262
2593 4264
2594 4265
2595 4267
2596 4268
2597 4270
2598 4271
2599 4273
2600 4274
2601 4276
2602 4277
2603 4279
2604 4280
2605 4282
2606 4283
2607 4285
2608 4286
2609 4288
2610 4289
2611 4291
2612 4292
2613 4294
2614 4295
2615 4297
2616 4298
2617 4300
2618 4301
2619 4303
2620 4304
2621 4306
2622 4307
2623 4309
2624 4310
2625 4312
2626 4313
2627 4315
2628 4316
2629 4317
2630 4319
2631 4320
2632 4322
2633 4323
2634 4325
2635 4326
2636 4328
2637 4329
2638 4331
2639 4332
2640 4334
2641 4335
2642 4337
2643 4338
2644 4340
2645 4341
2646 4343
2647 4344
2648 4346
2649 4347
2650 4349
2651 4350
2652 4352
2653 4353
2654 4355
2655 4356
2656 4358
2657 4359
2658 4361
2659 4362
2660 4364
2661 4365
2662 4367
2663 4368
2664 4370
2665 4371
2666 4373
2667 4374
2668 4376
2669 4377
2670 4379
2671 4380
2672 4382
2673 4383
2674 4385
2675 4386
2676 4388
2677 4389
2678 4391
2679 4392
2680 4394
2681 4395
2682 4397
2683 4398
2684 4400
2685 4401
2686 4403
2687 4404
2688 4406
2689 4407
2690 4409
2691 4410
2692 4412
2693 4413
2694 4414
2695 4416
2696 4420
2697 4422
2698 4425
2699 4426
2700 4428
2701 4429
2702 4431
2703 4432
2704 4434
2705 4435
2706 4437
2707 4438
2708 4440
2709 4441
2710 4443
2711 4444
2712 4446
2713 4447
2714 4449
2715 4450
2716 4452
2717 4453
2718 4455
2719 4456
2720 4458
2721 4459
2722 4461
2723 4462
2724 4464
2725 4465
2726 4467
2727 4468
2728 4470
2729 4471
2730 4473
2731 4474
2732 4476
2733 4477
2734 4479
2735 4480
2736 4482
2737 4483
2738 4485
2739 4486
2740 4488
2741 4489
2742 4491
2743 4492
2744 4494
2745 4495
2746 4497
2747 4498
2748 4500
2749 4501
2750 4502
2751 4504
2752 4505
2753 4507
2754 4508
2755 4510
2756 4511
2757 4513
2758 4514
2759 4516
2760 4517
2761 4519
2762 4520
2763 4522
2764 4523
2765 4525
2766 4526
2767 4528
2768 4529
2769 4531
2770 4532
2771 4534
2772 4535
2773 4537
2774 4538
2775 4540
2776 4541
2777 4543
2778 4544
2779 4546
2780 4547
2781 4549
2782 4550
2783 4552
2784 4553
2785 4555
2786 4556
2787 4558
2788 4559
2789 4561
2790 4562
2791 4564
2792 4565
2793 4567
2794 4568
2795 4570
2796 4571
2797 4573
2798 4574
2799 4576
2800 4577
2801 4579
2802 4580
2803 4582
2804 4583
2805 4585
2806 4586
2807 4588
2808 4589
2809 4591
2810 4592
2811 4594
2812 4595
2813 4597
2814 4598
2815 4599
2816 4601
2817 4602
2818 4604
2819 4605
2820 4607
2821 4608
2822 4610
2823 4611
2824 4613
2825 4614
2826 4615
2827 4617
2828 4618
2829 4620
2830 4621
2831 4623
2832 4624
2833 4626
2834 4627
2835 4629
2836 4630
2837 4632
2838 4633
2839 4635
2840 4636
2841 4638
2842 4639
2843 4641
2844 4642
2845 4644
2846 4645
2847 4647
2848 4648
2849 4650
2850 4651
2851 4653
2852 4654
2853 4656
2854 4657
2855 4659
2856 4662
2857 4665
2858 4668
2859 4669
2860 4672
2861 4674
2862 4675
2863 4677
2864 4680
2865 4681
2866 4683
2867 4684
2868 4686
2869 4687
2870 4689
2871 4690
2872 4692
2873 4693
2874 4694
2875 4696
2876 4697
2877 4699
2878 4702
2879 4703
2880 4705
2881 4708
2882 4709
2883 4711
2884 4714
2885 4715
2886 4717
2887 4718
2888 4720
2889 4721
2890 4724
2891 4727
2892 4729
2893 4730
2894 4732
2895 4733
2896 4735
2897 4736
2898 4738
2899 4739
2900 4742
2901 4744
2902 4747
2903 4748
2904 4751
2905 4753
2906 4754
2907 4757
2908 4759
2909 4760
2910 4763
2911 4765
2912 4768
2913 4769
2914 4772
2915 4774
2916 4775
2917 4777
2918 4778
2919 4780
2920 4781
2921 4783
2922 4784
2923 4785
2924 4787
2925 4788
2926 4790
2927 4793
2928 4796
2929 4797
2930 4799
2931 4800
2932 4803
2933 4805
2934 4806
2935 4808
2936 4809
2937 4811
2938 4812
2939 4814
2940 4815
2941 4817
2942 4818
2943 4820
2944 4821
2945 4823
2946 4824
2947 4826
2948 4827
2949 4829
