0 3
1 4
2 6
3 7
4 9
5 10
6 12
7 13
8 15
9 16
10 18
11 19
12 21
13 22
14 24
15 25
16 27
17 28
18 30
19 31
20 33
21 34
22 36
23 37
24 39
25 40
26 42
27 43
28 45
29 46
30 48
31 49
32 51
33 52
34 54
35 55
36 57
37 58
38 60
39 61
40 63
41 64
42 66
43 67
44 69
45 70
46 72
47 73
48 75
49 76
50 78
51 79
52 81
53 82
54 84
55 85
56 87
57 88
58 91
59 92
60 94
61 95
62 98
63 101
64 104
65 107
66 110
67 112
68 113
69 115
70 116
71 118
72 119
73 122
74 125
75 128
76 130
77 133
78 134
79 137
80 139
81 140
82 142
83 143
84 145
85 146
86 148
87 149
88 151
89 152
90 154
91 155
92 157
93 158
94 160
95 161
96 163
97 166
98 167
99 169
100 170
101 173
102 175
103 176
104 178
105 179
106 181
107 182
108 184
109 185
110 186
111 188
112 189
113 191
114 192
115 194
116 195
117 197
118 198
119 200
120 201
121 203
122 204
123 205
124 207
125 208
126 210
127 211
128 212
129 217
130 218
131 220
132 221
133 224
134 227
135 229
136 230
137 232
138 233
139 235
140 236
141 239
142 241
143 242
144 245
145 247
146 248
147 251
148 253
149 254
150 256
151 257
152 259
153 262
154 263
155 265
156 266
157 268
158 269
159 271
160 272
161 274
162 275
163 278
164 281
165 282
166 285
167 287
168 288
169 290
170 291
171 293
172 294
173 296
174 299
175 302
176 303
177 305
178 306
179 308
180 309
181 314
182 315
183 317
184 318
185 320
186 323
187 324
188 326
189 327
190 330
191 332
192 333
193 335
194 336
195 338
196 339
197 341
198 342
199 345
200 348
201 350
202 351
203 353
204 354
205 356
206 357
207 359
208 360
209 362
210 363
211 366
212 368
213 369
214 371
215 374
216 375
217 376
218 379
219 382
220 384
221 385
222 387
223 388
224 390
225 394
226 396
227 397
228 399
229 400
230 403
231 408
232 409
233 411
234 414
235 417
236 418
237 421
238 424
239 426
240 427
241 430
242 432
243 435
244 439
245 442
246 444
247 445
248 447
249 448
250 450
251 451
252 453
253 454
254 456
255 457
256 460
257 463
258 464
259 467
260 469
261 472
262 473
263 476
264 479
265 481
266 482
267 484
268 485
269 487
270 488
271 490
272 491
273 493
274 494
275 496
276 497
277 499
278 500
279 501
280 503
281 504
282 505
283 507
284 508
285 510
286 511
287 513
288 514
289 517
290 519
291 520
292 522
293 525
294 526
295 529
296 532
297 535
298 537
299 538
300 540
301 541
302 544
303 547
304 549
305 550
306 552
307 553
308 555
309 556
310 559
311 560
312 562
313 563
314 565
315 568
316 571
317 575
318 577
319 578
320 580
321 583
322 584
323 586
324 587
325 589
326 590
327 592
328 593
329 595
330 596
331 598
332 599
333 601
334 604
335 607
336 608
337 610
338 611
339 614
340 616
341 619
342 620
343 623
344 625
345 626
346 628
347 629
348 631
349 632
350 634
351 635
352 637
353 638
354 640
355 641
356 643
357 644
358 646
359 647
360 649
361 650
362 652
363 653
364 655
365 656
366 657
367 659
368 662
369 663
370 665
371 666
372 668
373 669
374 671
375 674
376 677
377 680
378 681
379 683
380 684
381 686
382 687
383 689
384 690
385 692
386 693
387 695
388 696
389 698
390 699
391 701
392 702
393 704
394 705
395 707
396 708
397 710
398 711
399 713
400 714
401 716
402 719
403 720
404 722
405 723
406 725
407 726
408 728
409 729
410 731
411 732
412 734
413 735
414 737
415 738
416 740
417 741
418 743
419 746
420 749
421 750
422 751
423 753
424 756
425 757
426 760
427 762
428 763
429 765
430 766
431 768
432 769
433 771
434 772
435 774
436 775
437 777
438 778
439 780
440 781
441 784
442 787
443 789
444 792
445 795
446 796
447 798
448 799
449 801
450 804
451 805
452 807
453 808
454 810
455 811
456 813
457 814
458 816
459 817
460 819
461 820
462 822
463 823
464 825
465 826
466 828
467 829
468 831
469 832
470 834
471 835
472 837
473 838
474 840
475 841
476 843
477 845
478 847
479 850
480 851
481 853
482 856
483 857
484 859
485 860
486 862
487 863
488 865
489 866
490 869
491 871
492 872
493 874
494 877
495 878
496 880
497 881
498 883
499 884
500 886
501 889
502 890
503 893
504 895
505 896
506 898
507 899
508 901
509 902
510 904
511 905
512 907
513 908
514 910
515 911
516 913
517 914
518 916
519 917
520 919
521 920
522 922
523 925
524 926
525 928
526 929
527 931
528 932
529 933
530 936
531 939
532 941
533 942
534 944
535 945
536 947
537 948
538 950
539 951
540 953
541 954
542 956
543 957
544 959
545 960
546 962
547 963
548 965
549 966
550 969
551 971
552 974
553 975
554 978
555 980
556 983
557 984
558 986
559 987
560 989
561 990
562 992
563 993
564 995
565 996
566 998
567 999
568 1001
569 1002
570 1004
571 1005
572 1007
573 1008
574 1010
575 1013
576 1014
577 1016
578 1017
579 1019
580 1020
581 1023
582 1025
583 1026
584 1028
585 1029
586 1030
587 1032
588 1033
589 1035
590 1038
591 1039
592 1041
593 1042
594 1044
595 1045
596 1047
597 1048
598 1050
599 1051
600 1053
601 1054
602 1056
603 1057
604 1059
605 1060
606 1062
607 1063
608 1065
609 1066
610 1068
611 1069
612 1071
613 1072
614 1074
615 1075
616 1077
617 1078
618 1080
619 1081
620 1083
621 1084
622 1086
623 1087
624 1089
625 1090
626 1091
627 1093
628 1094
629 1096
630 1099
631 1102
632 1103
633 1104
634 1107
635 1110
636 1112
637 1113
638 1115
639 1116
640 1119
641 1122
642 1124
643 1125
644 1126
645 1128
646 1131
647 1132
648 1134
649 1135
650 1137
651 1138
652 1140
653 1141
654 1143
655 1144
656 1146
657 1147
658 1149
659 1150
660 1152
661 1153
662 1155
663 1156
664 1158
665 1159
666 1161
667 1162
668 1164
669 1165
670 1167
671 1168
672 1170
673 1171
674 1173
675 1174
676 1176
677 1177
678 1179
679 1180
680 1182
681 1183
682 1185
683 1186
684 1188
685 1189
686 1191
687 1192
688 1194
689 1195
690 1197
691 1198
692 1200
693 1201
694 1203
695 1204
696 1206
697 1207
698 1209
699 1210
700 1212
701 1213
702 1215
703 1216
704 1217
705 1219
706 1220
707 1222
708 1223
709 1225
710 1226
711 1228
712 1229
713 1231
714 1232
715 1234
716 1235
717 1237
718 1238
719 1240
720 1241
721 1243
722 1247
723 1249
724 1250
725 1252
726 1253
727 1255
728 1256
729 1258
730 1259
731 1261
732 1262
733 1264
734 1265
735 1267
736 1270
737 1271
738 1273
739 1274
740 1276
741 1277
742 1279
743 1280
744 1282
745 1283
746 1285
747 1286
748 1288
749 1289
750 1292
751 1294
752 1295
753 1298
754 1300
755 1301
756 1303
757 1304
758 1306
759 1307
760 1309
761 1310
762 1311
763 1313
764 1314
765 1316
766 1317
767 1319
768 1320
769 1322
770 1323
771 1325
772 1328
773 1331
774 1332
775 1335
776 1338
777 1341
778 1343
779 1344
780 1346
781 1349
782 1350
783 1352
784 1353
785 1355
786 1356
787 1358
788 1359
789 1361
790 1362
791 1364
792 1365
793 1367
794 1368
795 1370
796 1371
797 1373
798 1374
799 1376
800 1377
801 1379
802 1380
803 1382
804 1383
805 1385
806 1386
807 1388
808 1389
809 1391
810 1392
811 1394
812 1395
813 1397
814 1398
815 1400
816 1401
817 1403
818 1404
819 1405
820 1407
821 1408
822 1410
823 1411
824 1414
825 1416
826 1420
827 1422
828 1423
829 1425
830 1426
831 1428
832 1429
833 1431
834 1432
835 1434
836 1435
837 1437
838 1438
839 1440
840 1441
841 1443
842 1444
843 1446
844 1447
845 1449
846 1450
847 1452
848 1453
849 1455
850 1456
851 1458
852 1459
853 1461
854 1462
855 1464
856 1467
857 1468
858 1470
859 1471
860 1473
861 1474
862 1476
863 1477
864 1480
865 1482
866 1483
867 1485
868 1486
869 1488
870 1489
871 1491
872 1492
873 1494
874 1495
875 1497
876 1498
877 1499
878 1501
879 1502
880 1504
881 1505
882 1507
883 1508
884 1510
885 1511
886 1513
887 1514
888 1516
889 1519
890 1520
891 1525
892 1526
893 1528
894 1529
895 1531
896 1532
897 1534
898 1535
899 1537
900 1538
901 1540
902 1541
903 1543
904 1544
905 1546
906 1547
907 1549
908 1550
909 1552
910 1553
911 1555
912 1556
913 1558
914 1559
915 1561
916 1562
917 1564
918 1565
919 1567
920 1568
921 1570
922 1571
923 1573
924 1574
925 1576
926 1577
927 1579
928 1580
929 1582
930 1583
931 1586
932 1588
933 1589
934 1591
935 1592
936 1594
937 1595
938 1596
939 1598
940 1599
941 1601
942 1602
943 1604
944 1605
945 1607
946 1608
947 1610
948 1611
949 1613
950 1616
951 1617
952 1619
953 1622
954 1625
955 1626
956 1628
957 1629
958 1631
959 1632
960 1634
961 1635
962 1637
963 1638
964 1640
965 1641
966 1643
967 1644
968 1646
969 1647
970 1649
971 1650
972 1652
973 1653
974 1655
975 1656
976 1658
977 1659
978 1661
979 1662
980 1665
981 1667
982 1668
983 1671
984 1673
985 1674
986 1676
987 1677
988 1679
989 1680
990 1682
991 1683
992 1684
993 1686
994 1687
995 1690
996 1692
997 1695
998 1698
999 1699
1000 1702
1001 1704
1002 1705
1003 1707
1004 1708
1005 1710
1006 1711
1007 1713
1008 1714
1009 1716
1010 1717
1011 1719
1012 1720
1013 1723
1014 1726
1015 1728
1016 1731
1017 1732
1018 1734
1019 1737
1020 1738
1021 1740
1022 1741
1023 1743
1024 1744
1025 1746
1026 1747
1027 1749
1028 1750
1029 1753
1030 1756
1031 1759
1032 1762
1033 1764
1034 1765
1035 1767
1036 1768
1037 1770
1038 1774
1039 1779
1040 1780
1041 1781
1042 1783
1043 1784
1044 1786
1045 1787
1046 1789
1047 1790
1048 1793
1049 1796
1050 1798
1051 1799
1052 1801
1053 1802
1054 1804
1055 1805
1056 1807
1057 1808
1058 1810
1059 1811
1060 1813
1061 1814
1062 1816
1063 1817
1064 1819
1065 1820
1066 1822
1067 1823
1068 1826
1069 1828
1070 1829
1071 1831
1072 1834
1073 1835
1074 1838
1075 1840
1076 1841
1077 1843
1078 1844
1079 1847
1080 1849
1081 1850
1082 1852
1083 1853
1084 1855
1085 1856
1086 1858
1087 1859
1088 1861
1089 1862
1090 1864
1091 1865
1092 1867
1093 1868
1094 1870
1095 1871
1096 1873
1097 1874
1098 1876
1099 1877
1100 1878
1101 1880
1102 1881
1103 1883
1104 1884
1105 1886
1106 1887
1107 1889
1108 1890
1109 1892
1110 1893
1111 1895
1112 1896
1113 1898
1114 1899
1115 1901
1116 1902
1117 1904
1118 1905
1119 1907
1120 1908
1121 1910
1122 1911
1123 1913
1124 1914
1125 1916
1126 1917
1127 1919
1128 1920
1129 1922
1130 1923
1131 1925
1132 1928
1133 1929
1134 1931
1135 1934
1136 1935
1137 1937
1138 1938
1139 1940
1140 1941
1141 1943
1142 1946
1143 1947
1144 1949
1145 1950
1146 1952
1147 1953
1148 1955
1149 1956
1150 1958
1151 1959
1152 1961
1153 1962
1154 1964
1155 1965
1156 1966
1157 1968
1158 1969
1159 1971
1160 1972
1161 1975
1162 1977
1163 1978
1164 1981
1165 1983
1166 1984
