0 50
1 51
2 53
3 54
4 56
5 57
6 59
7 60
8 62
9 63
10 65
11 66
12 68
13 69
14 71
15 72
16 74
17 75
18 77
19 78
20 80
21 81
22 83
23 84
24 86
25 87
26 89
27 90
28 92
29 93
30 95
31 96
32 98
33 99
34 101
35 102
36 104
37 105
38 107
39 108
40 110
41 111
42 113
43 114
44 116
45 117
46 119
47 120
48 122
49 123
50 125
51 126
52 128
53 129
54 131
55 132
56 133
57 135
58 136
59 138
60 139
61 141
62 142
63 144
64 145
65 147
66 148
67 150
68 151
69 153
70 154
71 156
72 157
73 159
74 160
75 162
76 163
77 165
78 166
79 168
80 169
81 171
82 172
83 174
84 175
85 177
86 178
87 180
88 181
89 183
90 184
91 186
92 187
93 189
94 190
95 192
96 193
97 195
98 196
99 198
100 199
101 201
102 202
103 204
104 205
105 207
106 208
107 210
108 211
109 213
110 214
111 216
112 217
113 219
114 220
115 221
116 223
117 224
118 226
119 227
120 229
121 230
122 232
123 233
124 235
125 236
126 238
127 239
128 241
129 244
130 245
131 247
132 248
133 250
134 251
135 253
136 254
137 256
138 257
139 259
140 260
141 262
142 263
143 265
144 266
145 268
146 269
147 271
148 272
149 274
150 275
151 277
152 278
153 280
154 281
155 283
156 284
157 286
158 287
159 289
160 290
161 292
162 293
163 295
164 296
165 298
166 299
167 301
168 302
169 304
170 305
171 307
172 308
173 310
174 311
175 313
176 314
177 316
178 317
179 318
180 320
181 321
182 323
183 324
184 326
185 327
186 329
187 330
188 332
189 333
190 335
191 336
192 338
193 339
194 341
195 342
196 344
197 345
198 347
199 348
200 350
201 351
202 353
203 354
204 356
205 357
206 359
207 360
208 362
209 363
210 365
211 366
212 368
213 369
214 371
215 372
216 374
217 375
218 377
219 378
220 380
221 381
222 383
223 384
224 386
225 387
226 389
227 390
228 392
229 393
230 395
231 396
232 398
233 399
234 401
235 402
236 404
237 405
238 407
239 408
240 410
241 411
242 412
243 414
244 415
245 417
246 418
247 420
248 421
249 423
250 424
251 426
252 427
253 429
254 430
255 432
256 433
257 435
258 436
259 438
260 439
261 441
262 442
263 444
264 445
265 447
266 448
267 450
268 451
269 453
270 454
271 456
272 457
273 459
274 460
275 462
276 463
277 465
278 466
279 468
280 469
281 471
282 472
283 474
284 475
285 477
286 478
287 480
288 481
289 483
290 484
291 486
292 487
293 489
294 490
295 492
296 493
297 495
298 496
299 498
300 499
301 501
302 502
303 504
304 505
305 506
306 508
307 509
308 511
309 512
310 514
311 515
312 517
313 518
314 520
315 521
316 523
317 524
318 526
319 527
320 529
321 530
322 532
323 533
324 535
325 536
326 538
327 539
328 541
329 542
330 544
331 545
332 547
333 548
334 550
335 551
336 553
337 554
338 556
339 557
340 559
341 560
342 562
343 563
344 565
345 566
346 568
347 569
348 571
349 572
350 574
351 575
352 577
353 578
354 580
355 581
356 583
357 584
358 586
359 587
360 589
361 590
362 592
363 593
364 595
365 596
366 598
367 599
368 600
369 602
370 603
371 605
372 606
373 608
374 609
375 611
376 612
377 614
378 615
379 617
380 618
381 620
382 621
383 623
384 624
385 626
386 627
387 629
388 630
389 632
390 633
391 635
392 636
393 638
394 639
395 641
396 642
397 644
398 645
399 647
400 648
401 650
402 651
403 653
404 654
405 656
406 657
407 659
408 660
409 662
410 663
411 665
412 666
413 668
414 669
415 671
416 672
417 674
418 675
419 677
420 678
421 680
422 681
423 683
424 684
425 686
426 687
427 689
428 690
429 691
430 693
431 694
432 696
433 697
434 699
435 700
436 702
437 703
438 705
439 706
440 708
441 709
442 711
443 712
444 714
445 715
446 717
447 718
448 720
449 721
450 723
451 724
452 726
453 727
454 729
455 730
456 732
457 733
458 735
459 736
460 738
461 739
462 741
463 742
464 744
465 745
466 747
467 748
468 750
469 751
470 753
471 754
472 756
473 757
474 759
475 760
476 762
477 763
478 765
479 766
480 768
481 769
482 771
483 772
484 774
485 775
486 777
487 778
488 780
489 781
490 783
491 784
492 785
493 787
494 788
495 790
496 791
497 793
498 794
499 796
500 797
501 799
502 800
503 802
504 803
505 805
506 806
507 808
508 809
509 811
510 812
511 814
512 815
513 817
514 818
515 820
516 821
517 823
518 824
519 826
520 827
521 829
522 830
523 832
524 833
525 835
526 836
527 838
528 839
529 841
530 842
531 844
532 845
533 847
534 848
535 850
536 851
537 853
538 854
539 856
540 857
541 859
542 860
543 862
544 863
545 865
546 866
547 868
548 869
549 871
550 872
551 874
552 875
553 876
554 878
555 880
556 881
557 882
558 884
559 885
560 887
561 888
562 890
563 891
564 893
565 894
566 896
567 897
568 899
569 900
570 902
571 903
572 905
573 906
574 908
575 909
576 911
577 912
578 914
579 915
580 917
581 918
582 920
583 921
584 923
585 924
586 926
587 927
588 929
589 930
590 932
591 933
592 935
593 936
594 938
595 939
596 941
597 942
598 944
599 945
600 947
601 948
602 950
603 951
604 953
605 954
606 956
607 957
608 959
609 960
610 962
611 963
612 965
613 966
614 968
615 969
616 971
617 972
618 974
619 975
620 976
621 978
622 979
623 981
624 982
625 984
626 985
627 987
628 988
629 990
630 991
631 993
632 994
633 996
634 997
635 999
636 1000
637 1002
638 1003
639 1005
640 1006
641 1008
642 1009
643 1011
644 1012
645 1014
646 1015
647 1017
648 1018
649 1020
650 1021
651 1023
652 1024
653 1026
654 1027
655 1029
656 1030
657 1032
658 1033
659 1035
660 1036
661 1038
662 1039
663 1041
664 1042
665 1044
666 1045
667 1047
668 1048
669 1050
670 1051
671 1053
672 1054
673 1056
674 1057
675 1059
676 1060
677 1062
678 1063
679 1065
680 1066
681 1068
682 1069
683 1070
684 1072
685 1073
686 1075
687 1076
688 1078
689 1079
690 1081
691 1082
692 1084
693 1085
694 1087
695 1088
696 1090
697 1091
698 1093
699 1094
700 1096
701 1097
702 1099
703 1100
704 1102
705 1103
706 1105
707 1106
708 1108
709 1109
710 1111
711 1112
712 1114
713 1115
714 1117
715 1118
716 1120
717 1121
718 1123
719 1124
720 1126
721 1127
722 1129
723 1130
724 1132
725 1133
726 1135
727 1136
728 1138
729 1139
730 1141
731 1142
732 1144
733 1145
734 1147
735 1148
736 1150
737 1151
738 1153
739 1154
740 1156
741 1157
742 1159
743 1160
744 1162
745 1163
746 1164
747 1166
748 1167
749 1169
750 1170
751 1172
752 1173
753 1175
754 1176
755 1178
756 1179
757 1181
758 1182
759 1184
760 1185
761 1187
762 1188
763 1190
764 1191
765 1193
766 1194
767 1196
768 1197
769 1199
770 1200
771 1202
772 1203
773 1205
774 1206
775 1208
776 1209
777 1211
778 1212
779 1214
780 1215
781 1217
782 1218
783 1220
784 1221
785 1223
786 1224
787 1226
788 1227
789 1229
790 1230
791 1232
792 1233
793 1235
794 1236
795 1238
796 1239
797 1241
798 1242
799 1244
800 1245
801 1247
802 1248
803 1250
804 1251
805 1253
806 1254
807 1255
808 1257
809 1258
810 1260
811 1261
812 1263
813 1264
814 1266
815 1267
816 1269
817 1270
818 1272
819 1273
820 1275
821 1276
822 1278
823 1279
824 1281
825 1282
826 1284
827 1285
828 1287
829 1288
830 1290
831 1291
832 1293
833 1294
834 1296
835 1297
836 1299
837 1300
838 1302
839 1303
840 1305
841 1306
842 1308
843 1309
844 1311
845 1312
846 1314
847 1315
848 1317
849 1318
850 1320
851 1321
852 1323
853 1324
854 1326
855 1327
856 1329
857 1330
858 1332
859 1333
860 1335
861 1336
862 1338
863 1339
864 1341
865 1342
866 1344
867 1345
868 1347
869 1348
870 1350
871 1351
872 1352
873 1354
874 1355
875 1357
876 1358
877 1360
878 1361
879 1363
880 1364
881 1366
882 1367
883 1369
884 1370
885 1372
886 1373
887 1375
888 1376
889 1378
890 1379
891 1381
892 1382
893 1384
894 1385
895 1387
896 1388
897 1390
898 1391
899 1393
900 1394
901 1396
902 1397
903 1399
904 1400
905 1402
906 1403
907 1405
908 1406
909 1408
910 1409
911 1411
912 1412
913 1414
914 1415
915 1417
916 1418
917 1420
918 1421
919 1423
920 1424
921 1426
922 1427
923 1429
924 1430
925 1432
926 1433
927 1435
928 1436
929 1438
930 1439
931 1441
932 1442
933 1444
934 1445
935 1446
936 1448
937 1449
938 1451
939 1452
940 1454
941 1455
942 1457
943 1458
944 1460
945 1461
946 1463
947 1464
948 1466
949 1467
950 1469
951 1470
952 1472
953 1473
954 1475
955 1476
956 1478
957 1479
958 1481
959 1482
960 1484
961 1485
962 1487
963 1488
964 1490
965 1491
966 1493
967 1494
968 1496
969 1497
970 1499
971 1500
972 1502
973 1503
974 1505
975 1506
976 1508
977 1509
978 1511
979 1512
980 1514
981 1515
982 1517
983 1518
984 1520
985 1521
986 1523
987 1524
988 1526
989 1527
990 1529
991 1530
992 1532
993 1533
994 1535
995 1536
996 1538
997 1539
998 1540
999 1542
1000 1543
1001 1545
1002 1546
1003 1548
1004 1549
1005 1551
1006 1552
1007 1554
1008 1555
1009 1557
1010 1558
1011 1560
1012 1561
1013 1563
1014 1564
1015 1566
1016 1567
1017 1569
1018 1570
1019 1572
1020 1573
1021 1575
1022 1576
1023 1578
1024 1579
1025 1581
1026 1582
1027 1584
1028 1585
1029 1587
1030 1588
1031 1590
1032 1591
1033 1593
1034 1594
1035 1596
1036 1597
1037 1599
1038 1600
1039 1602
1040 1603
1041 1605
1042 1606
1043 1608
1044 1609
1045 1611
1046 1612
1047 1614
1048 1615
1049 1617
1050 1618
1051 1620
1052 1621
1053 1623
1054 1624
1055 1626
1056 1627
1057 1628
1058 1630
1059 1632
1060 1633
1061 1634
1062 1636
1063 1637
1064 1639
1065 1640
1066 1642
1067 1643
1068 1645
1069 1646
1070 1648
1071 1649
1072 1651
1073 1652
1074 1654
1075 1655
1076 1657
1077 1658
1078 1660
1079 1661
1080 1663
1081 1664
1082 1666
1083 1667
1084 1669
1085 1670
1086 1672
1087 1673
1088 1675
1089 1676
1090 1678
1091 1679
1092 1681
1093 1682
1094 1684
1095 1685
1096 1687
1097 1688
1098 1690
1099 1691
1100 1693
1101 1694
1102 1696
1103 1697
1104 1699
1105 1700
1106 1702
1107 1703
1108 1705
1109 1706
1110 1708
1111 1709
1112 1711
1113 1712
1114 1714
1115 1715
1116 1717
1117 1718
1118 1720
1119 1721
1120 1723
1121 1724
1122 1725
1123 1726
1124 1728
1125 1729
1126 1731
1127 1732
1128 1734
1129 1735
1130 1737
1131 1738
1132 1740
1133 1741
1134 1743
1135 1744
1136 1746
1137 1747
1138 1749
1139 1750
1140 1752
1141 1753
1142 1755
1143 1756
1144 1758
1145 1759
1146 1761
1147 1762
1148 1764
1149 1765
1150 1767
1151 1768
1152 1770
1153 1771
1154 1773
1155 1774
1156 1776
1157 1777
1158 1779
1159 1780
1160 1782
1161 1783
1162 1785
1163 1786
1164 1788
1165 1789
1166 1791
1167 1792
1168 1794
1169 1795
1170 1797
1171 1798
1172 1800
1173 1801
1174 1803
1175 1804
1176 1806
1177 1807
1178 1809
1179 1810
1180 1812
1181 1813
1182 1815
1183 1816
1184 1818
1185 1819
1186 1820
1187 1822
1188 1823
1189 1825
1190 1826
1191 1828
1192 1829
1193 1831
1194 1832
1195 1834
1196 1835
1197 1837
1198 1838
1199 1840
1200 1841
1201 1843
1202 1844
1203 1846
1204 1847
1205 1849
1206 1850
1207 1852
1208 1853
1209 1855
1210 1856
1211 1858
1212 1859
1213 1861
1214 1862
1215 1864
1216 1865
1217 1867
1218 1868
1219 1870
1220 1871
1221 1873
1222 1874
1223 1876
1224 1877
1225 1879
1226 1880
1227 1882
1228 1883
1229 1885
1230 1886
1231 1888
1232 1889
1233 1891
1234 1892
1235 1894
1236 1895
1237 1897
1238 1898
1239 1900
1240 1901
1241 1903
1242 1904
1243 1906
1244 1907
1245 1909
1246 1910
1247 1912
1248 1913
1249 1914
1250 1916
1251 1917
1252 1919
1253 1920
1254 1922
1255 1923
1256 1925
1257 1926
1258 1928
