0 3
1 4
2 6
3 7
4 9
5 10
6 12
7 13
8 15
9 16
10 18
11 19
12 21
13 22
14 24
15 25
16 27
17 28
18 30
19 31
20 33
21 34
22 36
23 37
24 39
25 40
26 42
27 43
28 45
29 46
30 48
31 49
32 51
33 52
34 54
35 55
36 57
37 58
38 60
39 61
40 63
41 64
42 66
43 67
44 69
45 70
46 72
47 73
48 75
49 76
50 78
51 79
52 81
53 82
54 84
55 85
56 87
57 88
58 90
59 91
60 93
61 94
62 95
63 97
64 98
65 100
66 101
67 103
68 104
69 106
70 107
71 109
72 110
73 112
74 113
75 115
76 116
77 118
78 119
79 121
80 122
81 124
82 125
83 127
84 128
85 130
86 131
87 133
88 134
89 136
90 137
91 139
92 140
93 142
94 143
95 145
96 146
97 148
98 149
99 151
100 152
101 154
102 155
103 157
104 158
105 160
106 161
107 164
108 166
109 167
110 169
111 170
112 172
113 173
114 175
115 176
116 178
117 179
118 181
119 182
120 184
121 185
122 186
123 188
124 189
125 191
126 192
127 194
128 195
129 197
130 198
131 200
132 201
133 203
134 204
135 206
136 207
137 209
138 210
141 211
142 213
143 214
144 216
145 217
146 218
147 220
148 221
149 223
150 224
151 226
152 227
153 229
154 230
155 232
156 233
157 234
158 236
159 237
160 239
161 240
162 241
163 243
164 244
165 246
166 247
167 249
168 250
169 252
170 253
171 255
172 256
173 258
174 259
175 261
176 262
177 264
178 265
179 266
180 268
181 269
182 271
183 272
184 274
185 275
186 277
187 278
188 280
189 281
190 283
191 284
192 286
193 287
194 289
195 290
196 292
197 293
198 295
199 296
200 298
201 299
202 301
203 302
204 304
205 305
206 307
207 308
208 310
209 311
210 313
211 314
212 316
213 317
214 319
215 320
216 322
217 323
218 325
219 326
220 328
221 329
222 331
223 332
224 334
225 335
226 337
227 338
228 340
229 341
230 343
231 344
232 346
233 347
234 349
235 350
236 352
237 353
238 355
239 356
240 357
241 359
242 361
243 362
244 363
245 365
246 366
247 368
248 369
249 371
250 372
251 374
252 375
253 377
254 378
255 380
256 381
257 383
258 384
259 386
260 387
261 389
262 390
263 392
264 393
265 395
266 396
267 398
268 399
269 401
270 402
271 404
272 405
273 407
274 408
275 410
276 411
277 412
278 414
279 415
280 417
281 418
282 420
283 421
284 422
285 424
286 425
287 427
288 428
289 430
290 431
291 433
292 434
293 436
294 437
295 439
296 440
297 442
298 443
299 445
300 446
301 448
302 449
303 451
304 452
305 454
306 455
307 457
308 458
309 459
310 461
311 463
312 464
313 465
314 467
315 468
316 470
317 471
318 473
319 474
320 476
321 477
322 479
323 480
324 482
325 483
326 485
327 486
328 488
329 489
330 491
331 492
332 494
333 495
334 497
335 498
336 500
337 501
338 503
339 504
340 506
341 507
342 509
343 510
344 512
345 513
346 515
347 516
348 518
349 519
350 521
351 522
352 524
353 525
354 527
355 528
356 530
357 531
358 533
359 534
360 536
361 537
362 539
363 540
364 542
365 543
366 545
367 546
368 548
369 549
370 551
371 552
372 553
373 555
374 557
375 558
376 559
377 561
378 562
379 564
380 565
381 567
382 568
383 570
384 571
385 573
386 574
387 576
388 577
389 579
390 580
391 582
392 583
393 585
394 586
395 588
396 589
397 591
398 592
399 594
400 595
401 597
402 598
403 600
404 601
405 603
406 604
407 606
408 607
409 609
410 610
411 612
412 613
413 615
414 616
415 618
416 619
417 621
418 622
419 624
420 625
421 627
422 628
423 630
424 631
425 633
426 634
427 636
428 637
429 639
430 640
431 642
432 643
433 645
434 646
435 648
436 649
437 650
438 652
439 653
440 655
441 656
442 658
443 659
444 661
445 662
446 664
447 665
448 667
449 668
450 670
451 671
452 673
453 674
454 676
455 677
456 679
457 680
458 682
459 683
460 685
461 686
462 688
463 689
464 691
465 692
466 694
467 695
468 697
469 698
470 700
471 701
472 703
473 704
474 706
475 707
476 709
477 710
478 712
479 713
480 715
481 716
482 718
483 719
484 721
485 722
486 724
487 725
488 727
489 728
490 730
491 731
492 733
493 734
494 736
495 737
496 739
497 740
498 742
499 743
500 744
501 746
502 747
503 749
504 750
505 752
506 753
507 755
508 756
509 758
510 759
511 761
512 762
513 764
514 765
515 767
516 768
517 770
518 771
519 773
520 774
521 776
522 777
523 779
524 780
525 782
526 783
527 785
528 786
529 788
530 789
531 791
532 792
533 794
534 795
535 797
536 798
537 800
538 801
539 803
540 804
541 806
542 807
543 809
544 810
545 812
546 813
547 815
548 816
549 818
550 819
551 821
552 822
553 824
554 825
555 827
556 828
557 830
558 831
559 833
560 834
561 836
562 837
563 839
564 840
565 841
566 843
567 844
568 846
569 847
570 849
571 850
572 852
573 853
574 855
575 856
576 858
577 859
578 861
579 862
580 864
581 865
582 867
583 868
584 870
585 871
586 873
587 874
588 876
589 877
590 879
591 880
592 882
593 883
594 885
595 886
596 888
597 889
598 891
599 892
600 894
601 895
602 897
603 898
604 900
605 901
606 903
607 904
608 906
609 907
610 909
611 910
612 912
613 913
614 915
615 916
616 918
617 919
618 921
619 922
620 924
621 925
622 927
623 928
624 930
625 931
626 933
627 934
628 935
629 937
630 938
631 940
632 941
633 943
634 944
635 946
636 947
637 949
638 950
639 952
640 953
641 955
642 956
643 958
644 959
645 961
646 962
647 964
648 965
649 967
650 968
651 970
652 971
653 973
654 974
655 976
656 977
657 979
658 980
659 982
660 983
661 985
662 986
663 988
664 989
665 991
666 992
667 994
668 995
669 997
670 998
671 1000
672 1001
673 1003
674 1004
675 1006
676 1007
677 1009
678 1010
679 1012
680 1013
681 1015
682 1016
683 1018
684 1019
685 1021
686 1022
687 1024
688 1025
689 1026
690 1028
691 1029
692 1031
693 1032
694 1034
695 1035
696 1037
697 1038
698 1040
699 1041
700 1043
701 1044
702 1046
703 1047
704 1049
705 1050
706 1052
707 1053
708 1055
709 1056
710 1058
711 1059
712 1061
713 1062
714 1064
715 1065
716 1067
717 1068
718 1070
719 1071
720 1073
721 1074
722 1076
723 1077
724 1079
725 1080
726 1082
727 1083
728 1085
729 1086
730 1088
731 1089
732 1091
733 1092
734 1094
735 1095
736 1097
737 1098
738 1100
739 1101
740 1103
741 1104
742 1106
743 1107
744 1109
745 1110
746 1112
747 1113
748 1115
749 1116
750 1118
751 1119
752 1120
753 1122
754 1123
755 1125
756 1126
757 1128
758 1129
759 1131
760 1132
761 1134
762 1135
763 1137
764 1138
765 1140
766 1141
767 1143
768 1144
769 1146
770 1147
771 1149
772 1150
773 1152
774 1153
775 1155
776 1156
777 1158
778 1159
779 1160
780 1161
781 1163
782 1164
783 1166
784 1167
785 1169
786 1170
787 1172
788 1173
789 1175
790 1176
791 1178
792 1179
793 1181
794 1182
795 1184
796 1185
797 1187
798 1188
799 1190
800 1191
801 1193
802 1194
803 1196
804 1197
805 1199
806 1200
807 1202
808 1203
809 1205
810 1206
811 1208
812 1209
813 1211
814 1212
815 1214
816 1215
817 1216
818 1218
819 1219
820 1221
821 1222
822 1224
823 1225
824 1227
825 1228
826 1230
827 1231
828 1233
829 1234
830 1236
831 1237
832 1239
833 1240
834 1242
835 1243
836 1245
837 1246
838 1248
839 1249
840 1251
841 1252
842 1254
843 1255
844 1257
845 1258
846 1260
847 1261
848 1263
849 1264
850 1266
851 1267
852 1269
853 1270
854 1272
855 1273
856 1275
857 1276
858 1278
859 1279
860 1281
861 1282
862 1284
863 1285
864 1287
865 1288
866 1290
867 1291
868 1293
869 1294
870 1296
871 1297
872 1299
873 1300
874 1302
875 1303
876 1305
877 1306
878 1308
879 1309
880 1310
881 1312
882 1313
883 1315
884 1316
885 1318
886 1319
887 1321
888 1322
889 1324
890 1325
891 1327
892 1328
893 1330
894 1331
895 1333
896 1334
897 1336
898 1337
899 1339
900 1340
901 1342
902 1343
903 1345
904 1346
905 1348
906 1349
907 1351
908 1352
909 1354
910 1355
911 1357
912 1358
913 1360
914 1361
915 1363
916 1364
917 1366
918 1367
919 1369
920 1370
921 1372
922 1373
923 1375
924 1376
925 1378
926 1379
927 1381
928 1382
929 1384
930 1385
931 1387
932 1388
933 1390
934 1391
935 1393
936 1394
937 1396
938 1397
939 1399
940 1400
941 1401
942 1403
943 1404
944 1406
945 1407
946 1409
947 1410
948 1412
949 1413
950 1415
951 1416
952 1418
953 1419
954 1421
955 1422
956 1424
957 1425
958 1427
959 1428
960 1430
961 1431
962 1433
963 1434
964 1436
965 1437
966 1439
967 1440
968 1442
969 1443
970 1445
971 1446
972 1448
973 1449
974 1451
975 1452
976 1454
977 1455
978 1457
979 1458
980 1460
981 1461
982 1463
983 1464
984 1466
985 1467
986 1469
987 1470
988 1472
989 1473
990 1475
991 1476
992 1478
993 1479
994 1481
995 1482
996 1484
997 1485
998 1487
999 1488
1000 1490
1001 1491
1002 1493
1003 1494
1004 1495
1005 1497
1006 1498
1007 1500
1008 1501
1009 1503
1010 1504
1011 1506
1012 1507
1013 1509
1014 1510
1015 1512
1016 1513
1017 1515
1018 1516
1019 1518
1020 1519
1021 1521
1022 1522
1023 1524
1024 1525
1025 1527
1026 1528
1027 1530
1028 1531
1029 1533
1030 1534
1031 1536
1032 1537
1033 1539
1034 1540
1035 1542
1036 1543
1037 1545
1038 1546
1039 1548
1040 1549
1041 1551
1042 1552
1043 1554
1044 1555
1045 1557
1046 1558
1047 1560
1048 1561
1049 1563
1050 1564
1051 1566
1052 1567
1053 1569
1054 1570
1055 1572
1056 1573
1057 1575
1058 1576
1059 1578
1060 1579
1061 1581
1062 1582
1063 1584
1064 1585
1065 1587
1066 1588
1067 1590
1068 1591
1069 1592
1070 1594
1071 1595
1072 1597
1073 1598
1074 1600
1075 1601
1076 1603
1077 1604
1078 1606
1079 1607
1080 1609
1081 1610
1082 1612
1083 1613
1084 1615
1085 1616
1086 1618
1087 1619
1088 1621
1089 1622
1090 1624
1091 1625
1092 1627
1093 1628
1094 1630
1095 1631
1096 1633
1097 1634
1098 1636
1099 1637
1100 1639
1101 1640
1102 1642
1103 1643
1104 1645
1105 1646
1106 1648
1107 1649
1108 1651
1109 1652
1110 1654
1111 1655
1112 1657
1113 1658
1114 1660
1115 1661
1116 1663
1117 1664
1118 1666
1119 1667
1120 1669
1121 1670
1122 1672
1123 1673
1124 1675
1125 1676
1126 1678
1127 1679
1128 1681
1129 1682
1130 1684
1131 1685
1132 1686
1133 1688
1134 1689
1135 1691
1136 1692
1137 1694
1138 1695
1139 1697
1140 1698
1141 1700
1142 1701
1143 1703
1144 1704
1145 1706
1146 1707
1147 1709
1148 1710
1149 1712
1150 1713
1151 1715
1152 1716
1153 1718
1154 1719
1155 1721
1156 1722
1157 1724
1158 1725
1159 1727
1160 1728
1161 1730
1162 1731
1163 1733
1164 1734
1165 1736
1166 1737
1167 1739
1168 1740
1169 1742
1170 1743
1171 1745
1172 1746
1173 1748
1174 1749
1175 1751
1176 1752
1177 1754
1178 1755
1179 1757
1180 1758
1181 1760
1182 1761
1183 1763
1184 1764
1185 1766
1186 1767
1187 1769
1188 1770
1189 1772
1190 1773
1191 1775
1192 1776
1193 1777
1194 1779
1195 1780
1196 1782
1197 1783
1198 1785
1199 1786
1200 1788
1201 1789
1202 1791
1203 1792
1204 1794
1205 1795
1206 1797
1207 1798
1208 1800
1209 1801
1210 1803
1211 1804
1212 1806
1213 1807
1214 1809
1215 1810
1216 1812
1217 1813
1218 1815
1219 1816
1220 1818
1221 1819
1222 1821
1223 1822
1224 1824
1225 1825
1226 1827
1227 1828
1228 1829
1229 1831
1230 1832
1231 1834
1232 1835
1233 1837
1234 1838
1235 1840
1236 1841
1237 1843
1238 1844
1239 1846
1240 1847
1241 1848
1242 1850
1243 1851
1244 1853
1245 1854
1246 1856
1247 1857
1248 1859
1249 1860
1250 1861
1251 1863
1252 1864
1253 1866
1254 1867
1255 1869
1256 1870
1257 1872
1258 1873
1259 1875
1260 1876
1261 1878
1262 1879
1263 1881
1264 1882
1265 1884
1266 1885
1267 1887
1268 1888
1269 1890
1270 1891
1271 1893
1272 1894
1273 1896
1274 1897
1275 1899
1276 1900
1277 1902
1278 1903
1279 1905
1280 1906
1281 1908
1282 1909
1283 1911
1284 1912
1285 1914
1286 1915
1287 1917
1288 1918
1289 1920
1290 1921
1291 1923
1292 1924
1293 1926
1294 1927
1295 1929
1296 1930
1297 1932
1298 1933
1299 1935
1300 1936
1301 1938
1302 1939
1303 1941
1304 1942
1305 1944
1306 1945
1307 1946
1316 1947
1317 1948
1318 1950
1319 1951
1320 1953
1321 1954
1322 1956
1323 1957
1324 1959
1325 1960
1326 1962
1327 1963
1328 1965
1329 1966
1330 1968
1331 1969
1332 1971
1333 1972
1334 1974
1335 1975
1336 1977
1337 1978
1338 1980
1339 1981
1340 1983
1341 1984
1342 1986
1343 1987
1344 1989
1345 1990
1346 1992
1347 1993
1348 1995
1349 1996
1350 1998
1351 1999
1352 2001
1353 2002
1354 2004
1355 2005
1356 2007
1357 2008
1358 2010
1359 2011
1360 2013
1361 2014
1362 2016
1363 2017
1364 2019
1365 2020
1366 2022
1367 2023
1368 2025
1369 2026
1370 2028
1371 2029
1372 2031
1373 2032
1374 2034
1375 2035
1376 2036
1377 2037
1378 2039
1379 2040
1380 2042
1381 2043
1382 2044
1383 2046
1384 2047
1385 2049
1386 2050
1387 2052
1388 2053
1389 2055
1390 2056
1391 2058
1392 2059
1393 2061
1394 2062
1395 2064
1396 2065
1397 2067
1398 2068
1399 2070
1400 2071
1401 2073
1402 2074
1403 2076
1404 2077
1405 2079
1406 2080
1407 2082
1408 2083
1409 2085
1410 2086
1411 2088
1412 2089
1413 2091
1414 2092
1415 2094
1416 2095
1417 2097
1418 2098
1419 2100
1420 2101
1421 2103
1422 2104
1423 2106
1424 2107
1425 2109
1426 2110
1427 2112
1428 2113
1429 2115
1430 2116
1431 2118
1432 2119
1433 2121
1434 2122
1435 2124
1436 2125
1437 2126
1438 2128
1439 2130
1440 2131
1441 2132
1442 2134
1443 2135
1444 2137
1445 2138
1446 2140
1447 2141
1448 2143
1449 2144
1450 2146
1451 2147
1452 2149
1453 2150
1454 2152
1455 2153
1456 2155
1457 2156
1458 2158
1459 2159
1460 2161
1461 2162
1462 2164
1463 2165
1464 2167
1465 2168
1466 2170
1467 2171
1468 2173
1469 2174
1470 2176
1471 2177
1472 2179
1473 2180
1474 2182
1475 2183
1476 2185
1477 2186
1478 2188
1479 2189
1480 2191
1481 2192
1482 2194
1483 2195
1484 2197
1485 2198
1486 2200
1487 2201
1488 2203
1489 2204
1490 2206
1491 2207
1492 2209
1493 2210
1494 2212
1495 2213
1496 2215
1497 2216
1498 2218
1499 2219
1500 2220
1501 2222
1502 2223
1503 2225
1504 2226
1505 2228
1506 2229
1507 2231
1508 2232
1509 2234
1510 2235
1511 2237
1512 2238
1513 2240
1514 2241
1515 2243
1516 2244
1517 2246
1518 2247
1519 2249
1520 2250
1521 2252
1522 2253
1523 2255
1524 2256
1525 2258
1526 2259
1527 2261
1528 2262
1529 2264
1530 2265
1531 2267
1532 2268
1533 2270
1534 2271
1535 2273
1536 2274
1537 2276
1538 2277
1539 2279
1540 2280
1541 2282
1542 2283
1543 2285
1544 2286
1545 2288
1546 2289
1547 2291
1548 2292
1549 2294
1550 2295
1551 2297
1552 2298
1553 2300
1554 2301
1555 2303
1556 2304
1557 2306
1558 2307
1559 2309
1560 2310
1561 2312
1562 2313
1563 2315
1564 2316
1565 2317
1566 2319
1567 2320
1568 2322
1569 2323
1570 2325
1571 2326
1572 2328
1573 2329
1574 2331
1575 2332
1576 2334
1577 2335
1578 2337
1579 2338
1580 2340
1581 2341
1582 2343
1583 2344
1584 2346
1585 2347
1586 2349
1587 2350
1588 2351
1589 2353
1590 2354
1591 2356
1592 2357
1593 2359
1594 2360
1595 2362
1596 2363
1597 2364
1598 2366
1599 2367
1600 2369
1601 2370
1602 2372
1603 2373
1604 2375
1605 2376
1606 2378
1607 2379
1608 2381
1609 2382
1610 2384
1611 2385
1612 2387
1613 2388
1614 2390
1615 2391
1616 2393
1617 2394
1618 2396
1619 2397
1620 2399
1621 2400
1622 2402
1623 2403
1624 2405
1625 2406
1626 2408
1627 2409
1628 2411
1629 2412
1630 2413
1631 2415
1632 2416
1633 2418
1634 2419
1635 2421
1636 2422
1637 2424
1638 2425
1639 2427
1640 2428
1641 2430
1642 2431
1643 2433
1644 2434
1645 2436
1646 2437
1647 2439
1648 2440
1649 2442
1650 2443
1651 2445
1652 2446
1653 2448
1654 2449
1655 2451
1656 2452
1657 2454
1658 2455
1659 2457
1660 2458
1661 2460
1662 2461
1663 2463
1664 2464
1665 2466
1666 2467
1667 2469
1668 2470
1669 2472
1670 2473
1671 2475
1672 2476
1673 2478
1674 2479
1675 2481
1676 2482
1677 2484
1678 2485
1679 2487
1680 2488
1681 2490
1682 2491
1683 2493
1684 2494
1685 2496
1686 2497
1687 2499
1688 2500
1689 2502
1690 2503
1691 2505
1692 2506
1693 2507
1694 2509
1695 2510
1696 2512
1697 2513
1698 2515
1699 2516
1700 2518
1701 2519
1702 2521
1703 2522
1704 2524
1705 2525
1706 2527
1707 2528
1708 2530
1709 2531
1710 2533
1711 2534
1712 2536
1713 2537
1714 2539
1715 2540
1716 2542
1717 2543
1718 2545
1719 2546
1720 2548
1721 2549
1722 2551
1723 2552
1724 2554
1725 2555
1726 2557
1727 2558
1728 2560
1729 2561
1730 2563
1731 2564
1732 2566
1733 2567
1734 2569
1735 2570
1736 2572
1737 2573
1738 2575
1739 2576
1740 2578
1741 2579
1742 2581
1743 2582
1744 2584
1745 2585
1746 2587
1747 2588
1748 2590
1749 2591
1750 2593
1751 2594
1752 2595
1753 2597
1754 2598
1755 2600
1756 2601
1757 2603
1758 2604
1759 2606
1760 2607
1761 2609
1762 2610
1763 2612
1764 2613
1765 2615
1766 2616
1767 2618
1768 2619
1769 2621
1770 2622
1771 2624
1772 2625
1773 2627
1774 2628
1775 2630
1776 2631
1777 2633
1778 2634
1779 2636
1780 2637
1781 2639
1782 2640
1783 2642
1784 2643
1785 2645
1786 2646
1787 2648
1788 2649
1789 2651
1790 2652
1791 2653
1792 2655
1793 2656
1794 2658
1795 2659
1796 2661
1797 2662
1798 2663
1799 2665
1800 2666
1801 2668
1802 2669
1803 2671
1804 2672
1805 2674
1806 2675
1807 2677
1808 2678
1809 2680
1810 2681
1811 2683
1812 2684
1813 2686
1814 2687
1815 2688
1816 2690
1817 2691
1818 2693
1819 2694
1820 2696
1821 2697
1822 2699
1823 2700
1824 2702
1825 2703
1826 2705
1827 2706
1828 2708
1829 2709
1830 2711
1831 2712
1832 2714
1833 2715
1834 2717
1835 2718
1836 2720
1837 2721
1838 2723
1839 2724
1840 2726
1841 2727
1842 2729
1843 2730
1844 2732
1845 2733
1846 2735
1847 2736
1848 2738
1849 2739
1850 2741
1851 2742
1852 2744
1853 2745
1854 2747
1855 2748
1856 2750
1857 2751
1858 2753
1859 2754
1860 2756
1861 2757
1862 2759
1863 2760
1864 2762
1865 2763
1866 2765
1867 2766
1868 2768
1869 2769
1870 2771
1871 2772
1872 2774
1873 2775
1874 2777
1875 2778
1876 2780
1877 2781
1878 2783
1879 2784
1880 2785
1881 2787
1882 2788
1883 2790
1884 2791
1885 2793
1886 2794
1887 2796
1888 2797
1889 2799
1890 2800
1891 2802
1892 2803
1893 2805
1894 2806
1895 2808
1896 2809
1897 2811
1898 2812
1899 2814
1900 2815
1901 2817
1902 2818
1903 2820
1904 2821
1905 2823
1906 2824
1907 2826
1908 2827
1909 2829
1910 2830
1911 2832
1912 2833
1913 2835
1914 2836
1915 2838
1916 2839
1917 2841
1918 2842
1919 2844
1920 2845
1921 2847
1922 2848
1923 2850
1924 2851
1925 2853
1926 2854
1927 2856
1928 2857
1929 2859
1930 2860
1931 2862
1932 2863
1933 2865
1934 2866
1935 2868
1936 2869
1937 2871
1938 2872
1939 2874
1940 2875
1941 2877
1942 2878
1943 2880
1944 2881
1945 2882
1946 2884
1947 2885
1948 2887
1949 2888
1950 2890
1951 2891
1952 2893
1953 2894
1954 2896
1955 2897
1956 2899
1957 2900
1958 2902
1959 2903
1960 2905
1961 2906
1962 2908
1963 2909
1964 2911
1965 2912
1966 2914
1967 2915
1968 2917
1969 2918
1970 2920
1971 2921
1972 2923
1973 2924
1974 2926
1975 2927
1976 2929
1977 2930
1978 2932
1979 2933
1980 2935
1981 2936
1982 2938
1983 2939
1984 2941
1985 2942
1986 2944
1987 2945
1988 2947
1989 2948
1990 2950
1991 2951
1992 2953
1993 2954
1994 2956
1995 2957
1996 2959
1997 2960
1998 2962
1999 2963
2000 2965
2001 2966
2002 2968
2003 2969
2004 2971
2005 2972
2006 2975
2007 2976
2008 2979
2009 2981
2010 2982
2011 2984
2012 2985
2013 2987
2014 2988
2015 2990
2016 2991
2017 2993
2018 2994
2019 2996
2020 2997
2021 2999
2022 3000
2023 3002
2024 3003
2025 3005
2026 3006
2027 3008
2028 3009
2029 3011
2030 3012
2031 3014
2032 3015
2033 3017
2034 3018
2035 3020
2036 3021
2037 3023
2038 3024
2039 3026
2040 3027
2041 3029
2042 3030
2043 3032
2044 3033
2045 3035
2046 3036
2047 3038
2048 3039
2049 3041
2050 3042
2051 3044
2052 3045
2053 3047
2054 3048
2055 3050
2056 3051
2057 3053
2058 3054
2059 3056
2060 3057
2061 3059
2062 3060
2063 3062
2064 3063
2065 3064
2066 3066
2067 3067
2068 3069
2069 3072
2070 3073
2071 3075
2072 3076
2073 3078
2074 3079
2075 3081
2076 3082
2077 3084
2078 3085
2079 3087
2080 3088
2081 3090
2082 3091
2083 3093
2084 3094
2085 3096
2086 3097
2087 3099
2088 3100
2089 3102
2090 3103
2091 3105
2092 3106
2093 3108
2094 3109
2095 3111
2096 3112
2097 3114
2098 3115
2099 3117
2100 3118
2101 3121
2102 3123
2103 3124
2104 3126
2105 3127
2106 3129
2107 3130
2108 3132
2109 3133
2110 3136
2111 3139
2112 3141
2113 3142
2114 3144
2115 3145
2116 3147
2117 3150
2118 3151
2119 3153
2120 3156
2121 3159
2122 3160
2123 3161
2124 3163
2125 3164
2126 3166
2127 3167
2128 3169
2129 3170
2130 3172
2131 3173
2132 3175
2133 3176
2134 3178
2135 3179
2136 3181
2137 3182
2138 3184
2139 3185
2140 3187
2141 3188
2142 3190
2143 3191
2144 3193
2145 3196
2146 3197
2147 3199
2148 3200
2149 3202
2150 3203
2151 3205
2152 3206
2153 3208
2154 3209
2155 3211
2156 3212
2157 3214
2158 3215
2159 3217
2160 3218
2161 3220
2162 3221
2163 3223
2164 3224
2165 3226
2166 3227
2167 3229
2168 3230
2169 3232
2170 3233
2171 3235
2172 3236
2173 3238
2174 3239
2175 3241
2176 3242
2177 3244
2178 3245
2179 3247
2180 3248
2181 3250
2182 3251
2183 3253
2184 3254
2185 3256
2186 3257
2187 3258
2188 3260
2189 3261
2190 3262
2191 3264
2192 3265
2193 3266
2194 3268
2195 3269
2196 3271
2197 3272
2198 3274
2199 3275
2200 3277
2201 3278
2202 3280
2203 3281
2204 3283
2205 3284
2206 3286
2207 3287
2208 3289
2209 3290
2210 3292
2211 3293
2212 3295
2213 3296
2214 3298
2215 3299
2216 3301
2217 3302
2218 3304
2219 3305
2220 3307
2221 3308
2222 3310
2223 3311
2224 3313
2225 3314
2226 3316
2227 3317
2228 3319
2229 3320
2230 3322
2231 3323
2232 3325
2233 3326
2234 3328
2235 3329
2236 3331
2237 3332
2238 3334
2239 3335
2240 3337
2241 3338
2242 3340
2243 3341
2244 3343
2245 3344
2246 3346
2247 3347
2248 3349
2249 3350
2250 3351
2251 3353
2252 3354
2253 3356
2254 3357
2255 3359
2256 3360
2257 3362
2258 3363
2259 3365
2260 3366
2261 3368
2262 3369
2263 3371
2264 3372
2265 3374
2266 3375
2267 3377
2268 3378
2269 3380
2270 3381
2271 3383
2272 3384
2273 3386
2274 3387
2275 3389
2276 3390
2277 3392
2278 3393
2279 3395
2280 3396
2281 3398
2282 3399
2283 3401
2284 3402
2285 3404
2286 3405
2287 3407
2288 3408
2289 3410
2290 3411
2291 3413
2292 3414
2293 3416
2294 3417
2295 3419
2296 3420
2297 3422
2298 3423
2299 3425
2300 3426
2301 3428
2302 3429
2303 3431
2304 3432
2305 3434
2306 3435
2307 3437
2308 3440
2309 3441
2310 3442
2311 3444
2312 3445
2313 3448
2314 3450
2315 3451
2316 3453
2317 3454
2318 3456
2319 3457
2320 3459
2321 3460
2322 3462
2323 3463
2324 3465
2325 3466
2326 3468
2327 3469
2328 3471
2329 3472
2330 3474
2331 3477
2332 3478
2333 3480
2334 3481
2335 3483
2336 3484
2337 3486
2338 3487
2339 3489
2340 3490
2341 3492
2342 3493
2343 3495
2344 3496
2345 3498
2346 3499
2347 3501
2348 3502
2349 3504
2350 3505
2351 3507
2352 3508
2353 3510
2354 3511
2355 3513
2356 3514
2357 3516
2358 3517
2359 3519
2360 3520
2361 3522
2362 3523
2363 3525
2364 3526
2365 3528
2366 3529
2367 3531
2368 3532
2369 3534
2370 3535
2371 3536
2372 3538
2373 3539
2374 3541
2375 3542
2376 3544
2377 3545
2378 3547
2379 3548
2380 3550
2381 3551
2382 3553
2383 3554
2384 3556
2385 3557
2386 3559
2387 3560
2388 3562
2389 3563
2390 3565
2391 3566
2392 3568
2393 3569
2394 3571
2395 3572
2396 3574
2397 3575
2398 3576
2399 3578
2400 3579
2401 3580
2402 3582
2403 3583
2404 3585
2405 3586
2406 3588
2407 3589
2408 3591
2409 3592
2410 3594
2411 3595
2412 3597
2413 3598
2414 3600
2415 3601
2416 3603
2417 3604
2418 3606
2419 3607
2420 3609
2421 3610
2422 3612
2423 3613
2424 3615
2425 3616
2426 3618
2427 3619
2428 3621
2429 3622
2430 3624
2431 3625
2432 3627
2433 3628
2434 3630
2435 3631
2436 3632
2437 3634
2438 3635
2439 3637
2440 3638
2441 3640
2442 3641
2443 3643
2444 3644
2445 3646
2446 3647
2447 3649
2448 3650
2449 3652
2450 3653
2451 3655
2452 3656
2453 3658
2454 3659
2455 3661
2456 3662
2457 3664
2458 3665
2459 3667
2460 3668
2461 3670
2462 3671
2463 3673
2464 3674
2465 3676
2466 3677
2467 3679
2468 3680
2469 3682
2470 3683
2471 3685
2472 3686
2473 3688
2474 3689
2475 3691
2476 3692
2477 3694
2478 3695
2479 3697
2480 3698
2481 3700
2482 3701
2483 3703
2484 3704
2485 3706
2486 3707
2487 3709
2488 3710
2489 3712
2490 3713
2491 3715
2492 3716
2493 3718
2494 3719
2495 3721
2496 3722
2497 3723
2498 3725
2499 3726
2500 3728
2501 3729
2502 3731
2503 3732
2504 3734
2505 3735
2506 3737
2507 3738
2508 3740
2509 3741
2510 3743
2511 3744
2512 3746
2513 3747
2514 3749
2515 3750
2516 3752
2517 3753
2518 3755
2519 3756
2520 3758
2521 3759
2522 3761
2523 3762
2524 3764
2525 3765
2526 3767
2527 3768
2528 3770
2529 3771
2530 3773
2531 3774
2532 3776
2533 3777
2534 3779
2535 3780
2536 3782
2537 3783
2538 3785
2539 3786
2540 3788
2541 3789
2542 3791
2543 3792
2544 3794
2545 3795
2546 3797
2547 3798
2548 3800
2549 3801
2550 3803
2551 3804
2552 3806
2553 3807
2554 3809
2555 3810
2556 3812
2557 3813
2558 3814
2559 3816
2560 3817
2561 3819
2562 3820
2563 3822
2564 3823
2565 3825
2566 3826
2567 3828
2568 3829
2569 3831
2570 3832
2571 3834
2572 3835
2573 3837
2574 3838
2575 3840
2576 3841
2577 3843
2578 3844
2579 3846
2580 3847
2581 3849
2582 3850
2583 3852
2584 3853
2585 3855
2586 3856
2587 3858
2588 3859
2589 3861
2590 3862
2591 3864
2592 3865
2593 3867
2594 3868
2595 3869
2596 3871
2597 3872
2598 3873
2599 3875
2600 3876
2601 3878
2602 3879
2603 3881
2604 3882
2605 3884
2606 3885
2607 3887
2608 3888
2609 3890
2610 3891
2611 3893
2612 3894
2613 3896
2614 3897
2615 3899
2616 3900
2617 3902
2618 3903
2619 3905
2620 3906
2621 3907
2622 3909
2623 3910
2624 3912
2625 3913
2626 3915
2627 3916
2628 3918
2629 3919
2630 3921
2631 3922
2632 3924
2633 3925
2634 3927
2635 3928
2636 3930
2637 3931
2638 3933
2639 3934
2640 3936
2641 3939
2642 3940
2643 3942
2644 3943
2645 3945
2646 3946
2647 3948
2648 3949
2649 3951
2650 3952
2651 3954
2652 3955
2653 3957
2654 3958
2655 3960
2656 3961
2657 3963
2658 3964
2659 3966
2660 3967
2661 3969
2662 3970
2663 3972
2664 3973
2665 3975
2666 3976
2667 3978
2668 3979
2669 3981
2670 3982
2671 3984
2672 3985
2673 3987
2674 3988
2675 3990
2676 3991
2677 3993
2678 3994
2679 3996
2680 3997
2681 3999
2682 4000
2683 4002
2684 4003
2685 4004
2686 4006
2687 4007
2688 4009
2689 4010
2690 4012
2691 4013
2692 4015
2693 4016
2694 4018
2695 4019
2696 4021
2697 4022
2698 4024
2699 4025
2700 4027
2701 4028
2702 4030
2703 4031
2704 4033
2705 4034
2706 4036
2707 4037
2708 4039
2709 4040
2710 4042
2711 4043
2712 4045
2713 4046
2714 4048
2715 4049
2716 4051
2717 4052
2718 4054
2719 4055
2720 4057
2721 4058
2722 4060
2723 4061
2724 4063
2725 4064
2726 4066
2727 4067
2728 4069
2729 4070
2730 4072
2731 4073
2732 4075
2733 4076
2734 4078
2735 4079
2736 4081
2737 4082
2738 4084
2739 4085
2740 4087
2741 4088
2742 4090
2743 4091
2744 4093
2745 4094
2746 4095
2747 4097
2748 4098
2749 4100
2750 4101
2751 4103
2752 4104
2753 4106
2754 4107
2755 4109
2756 4110
2757 4112
2758 4113
2759 4115
2760 4116
2761 4118
2762 4119
2763 4121
2764 4122
2765 4124
2766 4125
2767 4127
2768 4128
2769 4130
2770 4131
2771 4133
2772 4134
2773 4136
2774 4137
2775 4139
2776 4140
2777 4142
2778 4143
2779 4145
2780 4146
2781 4148
2782 4149
2783 4151
2784 4152
2785 4154
2786 4155
2787 4157
2788 4158
2789 4160
2790 4161
2791 4163
2792 4164
2793 4166
2794 4167
2795 4169
2796 4170
2797 4172
2798 4173
2799 4175
2800 4176
2801 4178
2802 4179
2803 4181
2804 4182
2805 4184
2806 4185
2807 4187
2808 4188
2809 4190
2810 4191
2811 4193
2812 4194
2813 4196
2814 4197
2815 4198
2816 4200
2817 4201
2818 4203
2819 4204
2820 4206
2821 4207
2822 4209
2823 4210
2824 4212
2825 4213
2826 4215
2827 4216
2828 4218
2829 4219
2830 4221
2831 4222
2832 4224
2833 4225
2834 4227
2835 4228
2836 4230
2837 4231
2838 4233
2839 4234
2840 4236
2841 4237
2842 4239
2843 4240
2844 4242
2845 4243
2846 4245
2847 4246
2848 4248
2849 4249
2850 4251
2851 4252
2852 4254
2853 4255
2854 4257
2855 4258
2856 4260
2857 4261
2858 4263
2859 4264
2860 4266
2861 4267
2862 4269
2863 4270
2864 4272
2865 4273
2866 4275
2867 4276
2868 4278
2869 4279
2870 4281
2871 4282
2872 4283
2873 4285
2874 4286
2875 4288
2876 4289
2877 4291
2878 4292
2879 4294
2880 4295
2881 4297
2882 4298
2883 4300
2884 4301
2885 4303
2886 4304
2887 4306
2888 4307
2889 4309
2890 4310
2891 4312
2892 4313
2893 4315
2894 4316
2895 4318
2896 4319
2897 4321
2898 4322
2899 4324
2900 4325
2901 4327
2902 4328
2903 4330
2904 4331
2905 4333
2906 4334
2907 4336
2908 4337
2909 4339
2910 4340
2911 4342
2912 4343
2913 4345
2914 4346
2915 4348
2916 4349
2917 4351
2918 4352
2919 4354
2920 4355
2921 4357
2922 4358
2923 4360
2924 4361
2925 4363
2926 4364
2927 4366
2928 4367
2929 4369
2930 4370
2931 4372
2932 4373
2933 4375
2934 4376
2935 4378
2936 4379
2937 4380
2938 4382
2939 4383
2940 4385
2941 4386
2942 4388
2943 4389
2944 4391
2945 4392
2946 4394
2947 4395
2948 4397
2949 4398
2950 4401
2951 4403
2952 4407
2953 4409
2954 4410
2955 4412
2956 4413
2957 4415
2958 4416
2959 4418
2960 4419
2961 4421
2962 4422
2963 4424
2964 4425
2965 4427
2966 4428
2967 4430
